Time (s)	TC1 (C)	TC2 (C)	TC3 (C)	TC4 (C)	TC5 (C)
5036,551	20,689	20,570	21,099	21,482	21,616
5037,569	20,651	20,556	21,082	21,446	21,606
5038,553	20,665	20,640	21,139	21,495	21,680
5039,553	20,658	20,522	21,108	21,467	21,679
5040,552	20,575	20,470	21,070	21,445	21,578
5041,549	20,610	20,562	21,088	21,460	21,639
5042,551	20,594	20,551	21,134	21,506	21,602
5043,552	23,824	21,713	21,188	21,481	21,496
5044,553	40,340	32,643	21,817	21,624	21,850
5045,553	56,277	46,453	22,749	21,721	21,967
5046,553	72,345	60,202	23,549	21,844	21,892
5047,553	88,947	73,496	24,411	22,004	21,998
5048,552	103,289	85,948	25,191	22,168	22,245
5049,553	117,061	97,202	25,986	22,245	22,035
5050,553	131,071	107,563	26,684	22,493	21,952
5051,552	144,339	117,176	27,305	22,454	22,064
5052,552	157,820	126,165	27,968	22,634	22,230
5053,550	170,831	134,579	28,439	22,640	22,120
5054,551	182,789	142,951	28,916	22,883	22,233
5055,552	193,749	150,224	29,513	22,922	22,436
5056,552	204,341	157,109	29,894	23,072	22,261
5057,553	214,255	162,668	30,450	23,170	22,175
5058,553	223,333	167,578	30,927	23,245	22,454
5059,553	231,146	171,695	31,454	23,423	22,395
5060,552	238,513	175,297	31,852	23,552	22,480
5061,553	246,359	178,615	32,398	23,649	22,607
5062,552	253,290	181,508	32,791	23,789	22,426
5063,552	255,806	184,956	33,267	23,932	22,529
5064,553	260,924	187,947	33,729	23,997	22,553
5065,552	269,883	191,036	34,154	23,965	22,709
5066,552	280,334	193,865	34,610	24,103	22,729
5067,552	288,540	196,720	35,057	24,249	22,751
5068,553	296,049	199,092	35,390	24,231	22,645
5069,553	297,163	201,546	35,788	24,364	22,560
5070,553	301,823	204,056	36,235	24,391	22,830
5071,553	304,547	206,095	36,581	24,488	22,841
5072,552	299,543	208,029	36,987	24,677	22,933
5073,553	296,280	210,089	37,400	24,709	22,917
5074,551	296,524	212,175	37,814	24,885	22,929
5075,553	300,204	214,060	38,150	24,807	23,058
5076,552	303,107	215,746	38,521	24,942	23,048
5077,554	306,389	218,059	38,941	25,102	23,178
5078,554	316,663	219,726	39,299	25,138	23,258
5079,552	320,769	221,374	39,640	25,151	23,139
5080,553	326,269	223,689	39,916	25,316	23,154
5081,554	325,256	225,272	40,473	25,474	23,356
5082,553	327,663	226,712	40,817	25,423	23,221
5083,553	328,058	228,430	41,096	25,549	23,378
5084,553	330,699	230,026	41,409	25,495	23,168
5085,553	337,349	232,092	41,832	25,653	23,328
5086,553	339,921	233,268	42,283	25,661	23,469
5087,553	341,676	234,717	42,584	25,775	23,451
5088,553	344,655	236,966	42,918	25,821	23,412
5089,554	347,887	238,478	43,184	25,779	23,432
5090,554	351,077	239,858	43,619	25,985	23,559
5091,553	350,811	241,499	43,852	25,987	23,708
5092,553	351,918	242,742	44,316	26,004	23,537
5093,554	354,354	243,474	44,685	26,042	23,644
5094,553	358,034	245,245	45,078	26,216	23,601
5095,553	361,179	246,859	45,378	26,273	23,630
5096,552	359,110	247,556	45,728	26,322	23,700
5097,554	363,848	248,891	46,073	26,384	23,791
5098,553	364,013	249,954	46,422	26,388	23,695
5099,554	363,296	250,545	46,790	26,502	23,557
5100,554	366,490	251,328	47,197	26,591	23,895
5101,554	367,320	252,904	47,422	26,534	23,644
5102,554	368,538	253,455	47,933	26,698	23,844
5103,553	369,194	254,550	48,207	26,705	23,848
5104,554	371,442	255,713	48,512	26,779	23,878
5105,553	375,136	256,470	48,874	26,860	24,065
5106,553	374,895	257,658	49,221	26,899	23,905
5107,554	377,206	258,338	49,569	26,933	24,086
5108,554	378,906	259,810	49,925	26,999	24,102
5109,554	384,303	261,330	50,289	27,043	24,021
5110,554	384,364	261,575	50,550	27,125	24,022
5111,554	382,243	262,312	50,954	27,139	24,054
5112,554	383,548	263,524	51,419	27,369	24,144
5113,554	383,743	264,122	51,690	27,277	24,257
5114,553	386,345	264,990	52,021	27,445	24,221
5115,553	386,973	265,873	52,340	27,428	24,085
5116,554	388,275	266,612	52,788	27,536	24,217
5117,554	390,066	267,797	53,119	27,504	24,229
5118,555	388,655	268,784	53,352	27,505	24,195
5119,554	390,098	269,013	53,727	27,674	24,177
5120,554	391,237	269,926	54,136	27,776	24,410
5121,555	392,260	270,697	54,425	27,659	24,309
5122,554	390,765	266,856	54,561	27,764	24,286
5123,555	386,179	260,823	54,385	27,656	24,232
5124,554	380,457	255,540	54,235	27,600	24,309
5125,554	374,027	250,407	54,020	27,519	24,222
5126,554	367,157	245,485	53,822	27,345	24,156
5127,555	360,451	240,813	53,690	27,284	24,128
5128,554	353,802	236,367	53,587	27,245	24,167
5129,554	347,365	232,064	53,445	27,105	24,076
5130,554	341,211	228,010	53,310	27,025	23,977
5131,555	335,250	224,231	53,302	26,989	24,034
5132,555	329,503	220,573	53,216	26,912	24,022
5133,555	323,970	217,154	53,160	26,774	23,937
5134,554	318,688	213,888	53,133	26,740	23,958
5135,555	313,725	210,765	53,112	26,715	23,902
5136,555	308,825	207,719	53,097	26,651	23,900
5137,555	304,270	204,959	53,076	26,606	23,886
5138,556	299,871	202,312	53,173	26,598	23,841
5139,554	295,684	199,719	53,143	26,514	23,862
5140,553	291,641	197,297	53,204	26,477	23,822
5141,554	287,721	195,003	53,245	26,432	23,745
5142,555	284,025	192,812	53,324	26,500	23,826
5143,554	280,432	190,631	53,320	26,415	23,723
5144,555	276,979	188,567	53,391	26,402	23,713
5145,556	273,725	186,640	53,417	26,396	23,739
5146,555	270,551	184,710	53,460	26,299	23,726
5147,554	267,566	182,943	53,602	26,335	23,749
5148,555	264,569	181,121	53,654	26,280	23,737
5149,555	261,891	179,424	53,740	26,297	23,702
5150,556	259,150	177,749	53,796	26,240	23,618
5151,555	256,659	176,171	53,884	26,248	23,634
5152,554	254,198	174,642	53,939	26,275	23,648
5153,555	251,795	173,234	54,023	26,266	23,605
5154,555	249,435	171,779	54,126	26,261	23,623
5155,557	247,178	170,401	54,225	26,296	23,597
5156,555	244,994	169,055	54,274	26,227	23,594
5157,555	242,950	167,862	54,384	26,291	23,604
5158,556	240,950	166,550	54,488	26,322	23,613
5159,555	238,949	165,329	54,539	26,234	23,519
5160,556	237,002	164,176	54,607	26,269	23,519
5161,555	235,126	163,055	54,767	26,313	23,564
5162,555	233,353	161,919	54,841	26,281	23,521
5163,553	231,671	160,860	54,949	26,279	23,557
5164,555	229,978	159,763	54,980	26,304	23,489
5165,556	228,307	158,747	55,138	26,302	23,475
5166,555	226,719	157,751	55,189	26,297	23,527
5167,557	225,229	156,799	55,300	26,306	23,537
5168,554	223,640	155,841	55,375	26,314	23,487
5169,555	222,111	154,864	55,461	26,326	23,465
5170,555	220,607	153,992	55,599	26,403	23,517
5171,555	219,167	153,083	55,632	26,318	23,461
5172,555	217,789	152,193	55,749	26,412	23,478
5173,553	216,400	151,380	55,839	26,416	23,428
5174,553	215,036	150,488	55,874	26,477	23,509
5175,555	213,731	149,744	55,964	26,489	23,474
5176,556	212,376	148,903	56,092	26,532	23,542
5177,556	211,018	148,145	56,112	26,461	23,459
5178,555	209,734	147,348	56,220	26,506	23,464
5179,556	208,407	146,559	56,317	26,547	23,489
5180,555	207,172	145,824	56,321	26,570	23,496
5181,556	205,939	145,076	56,461	26,577	23,491
5182,555	204,739	144,360	56,510	26,599	23,430
5183,555	203,536	143,661	56,611	26,704	23,446
5184,555	202,274	142,943	56,723	26,711	23,419
5185,555	201,101	142,301	56,742	26,642	23,442
5186,555	199,916	141,577	56,835	26,750	23,486
5187,556	198,752	140,878	56,886	26,792	23,444
5188,554	197,618	140,266	56,963	26,783	23,517
5189,557	196,457	139,679	57,028	26,830	23,459
5190,555	195,339	138,989	57,110	26,781	23,454
5191,556	194,281	138,377	57,137	26,866	23,481
5192,556	193,260	137,795	57,319	26,920	23,533
5193,557	192,120	137,094	57,279	26,927	23,470
5194,557	191,101	136,528	57,339	26,929	23,439
5195,556	189,981	135,949	57,413	26,986	23,436
5196,556	188,981	135,429	57,475	27,016	23,480
5197,555	187,915	134,786	57,513	27,031	23,481
5198,556	186,899	134,170	57,577	27,061	23,473
5199,557	185,871	133,615	57,674	27,080	23,477
5200,555	184,854	133,081	57,737	27,131	23,509
5201,556	183,907	132,557	57,798	27,237	23,581
5202,555	182,863	131,947	57,796	27,146	23,495
5203,556	182,005	131,521	57,959	27,277	23,564
5204,555	180,955	130,977	57,917	27,267	23,500
5205,556	180,141	130,450	58,033	27,314	23,522
5206,555	179,187	129,924	58,048	27,389	23,509
5207,556	178,322	129,421	58,114	27,418	23,519
5208,557	177,448	128,926	58,185	27,471	23,511
5209,556	176,495	128,386	58,192	27,440	23,474
5210,558	175,721	128,011	58,259	27,520	23,624
5211,556	174,763	127,438	58,302	27,476	23,524
5212,556	174,032	127,099	58,427	27,671	23,602
5213,556	173,132	126,509	58,459	27,624	23,580
5214,557	172,363	126,028	58,479	27,648	23,568
5215,556	171,497	125,600	58,579	27,725	23,578
5216,556	170,656	125,095	58,592	27,809	23,600
5217,556	169,914	124,631	58,653	27,822	23,608
5218,557	169,008	124,221	58,668	27,851	23,634
5219,556	168,203	123,708	58,684	27,898	23,625
5220,556	167,479	123,283	58,720	27,935	23,614
5221,557	166,715	122,872	58,735	28,013	23,674
5222,558	165,975	122,337	58,738	28,007	23,669
5223,557	165,255	121,986	58,759	28,076	23,686
5224,557	164,454	121,540	58,779	28,022	23,667
5225,556	163,752	121,116	58,869	28,074	23,698
5226,558	162,956	120,645	58,888	28,142	23,662
5227,557	162,253	120,348	58,941	28,198	23,716
5228,557	161,543	119,881	58,974	28,286	23,707
5229,557	160,835	119,466	59,043	28,328	23,742
5230,558	160,152	119,072	59,030	28,362	23,800
5231,557	159,392	118,613	59,051	28,413	23,764
5232,556	158,735	118,188	59,064	28,424	23,800
5233,557	158,013	117,824	59,069	28,465	23,803
5234,556	157,365	117,424	59,039	28,571	23,818
5235,557	156,603	117,065	59,122	28,696	23,827
5236,557	155,898	116,625	59,166	28,780	23,882
5237,557	155,232	116,267	59,165	28,827	23,865
5238,557	154,572	115,982	59,160	28,808	23,942
5239,556	153,936	115,685	59,362	29,004	24,047
5240,556	153,231	115,319	59,372	28,967	23,979
5241,558	152,600	115,081	59,445	29,109	24,039
5242,559	151,970	114,781	59,483	29,114	24,000
5243,555	151,357	114,449	59,542	29,206	24,063
5244,556	150,747	114,126	59,564	29,190	24,032
5245,557	150,158	113,908	59,603	29,269	24,042
5246,556	149,450	113,530	59,570	29,164	24,024
5247,557	148,937	113,268	59,587	29,302	24,078
5248,558	148,385	113,106	59,658	29,462	24,188
5249,556	147,765	112,734	59,592	29,377	24,143
5250,557	147,177	112,522	59,648	29,423	24,159
5251,556	146,554	112,239	59,614	29,464	24,166
5252,559	146,082	112,002	59,657	29,535	24,166
5253,559	145,531	111,805	59,664	29,607	24,197
5254,558	144,850	111,513	59,581	29,624	24,178
5255,557	144,337	111,250	59,580	29,631	24,250
5256,555	143,818	111,024	59,572	29,648	24,293
5257,557	143,285	110,763	59,619	29,721	24,236
5258,555	142,710	110,518	59,600	29,560	24,146
5259,555	142,206	110,273	59,605	29,613	24,165
5260,556	141,744	110,040	59,533	29,690	24,241
5261,556	141,322	109,701	59,592	29,744	24,212
5262,557	140,783	109,433	59,505	29,753	24,226
5263,556	140,334	109,151	59,500	29,825	24,257
5264,556	139,894	108,823	59,410	29,793	24,281
5265,557	139,426	108,569	59,397	29,854	24,307
5266,555	138,904	118,050	62,326	29,855	32,206
5267,556	138,942	131,037	73,098	30,767	39,395
5268,558	138,638	139,474	84,395	31,534	38,877
5269,558	138,390	147,587	96,555	32,239	40,343
5270,557	138,227	157,787	108,182	33,004	36,451
5271,555	138,102	167,841	119,601	33,751	35,516
5272,555	137,810	174,609	130,761	34,394	37,242
5273,558	137,595	181,991	141,612	34,951	37,740
5274,558	137,410	193,504	152,596	35,631	34,856
5275,558	137,222	199,099	162,609	36,131	38,615
5276,558	136,939	206,234	171,081	36,717	38,446
5277,558	136,501	215,263	179,597	37,227	37,463
5278,557	136,391	219,166	203,768	37,945	29,841
5279,557	136,274	227,022	224,266	38,402	25,900
5280,558	135,780	231,434	226,455	38,950	26,115
5281,558	135,496	238,462	235,510	39,409	26,007
5282,557	135,274	243,227	240,127	39,779	26,371
5283,559	135,146	245,216	247,818	40,322	26,420
5284,559	134,795	254,244	252,579	40,710	26,587
5285,558	134,651	253,616	257,523	41,226	26,489
5286,558	134,320	262,077	261,514	41,698	26,818
5287,559	134,272	264,148	268,746	42,002	26,900
5288,558	133,955	268,941	270,749	42,423	26,939
5289,559	133,524	274,453	270,698	42,871	26,929
5290,558	133,650	273,726	273,198	43,203	27,033
5291,557	133,397	275,154	279,448	43,684	27,157
5292,559	133,176	272,813	287,400	44,146	27,269
5293,559	132,985	276,091	290,560	44,606	27,208
5294,558	132,742	276,297	294,689	44,955	27,717
5295,557	132,434	281,815	295,021	45,406	27,601
5296,558	132,225	281,314	299,250	45,836	27,416
5297,558	132,442	284,750	301,865	46,198	27,817
5298,559	132,442	284,044	305,246	46,626	27,853
5299,558	132,290	289,007	306,738	47,030	27,999
5300,558	131,946	289,238	307,129	47,370	28,155
5301,558	132,071	291,723	313,885	47,755	28,232
5302,558	131,797	292,791	311,526	48,155	28,267
5303,557	131,768	296,875	315,891	48,646	28,255
5304,559	131,844	297,796	316,593	49,042	28,343
5305,557	131,855	297,013	316,596	49,423	28,423
5306,558	131,649	297,476	321,118	49,860	28,509
5307,558	131,464	295,353	322,457	50,199	28,781
5308,557	131,638	297,742	327,281	50,551	28,798
5309,558	131,674	301,581	327,673	51,025	28,625
5310,559	131,722	301,556	329,781	51,439	28,975
5311,558	131,669	306,336	329,823	51,843	29,132
5312,557	131,480	306,483	326,387	52,041	29,061
5313,558	131,760	305,711	331,720	52,558	29,354
5314,557	131,685	303,970	333,445	53,025	29,227
5315,557	131,929	304,855	332,990	53,442	29,404
5316,558	131,762	302,606	339,860	53,858	29,393
5317,558	131,876	301,525	337,641	54,399	29,678
5318,559	131,885	315,026	341,102	54,863	29,807
5319,559	131,937	314,162	343,352	55,252	29,783
5320,558	131,974	312,627	343,340	55,705	29,795
5321,558	131,975	317,455	343,280	56,184	30,011
5322,559	132,114	310,696	343,327	56,512	30,057
5323,558	132,397	311,285	345,459	57,018	30,147
5324,558	132,448	312,481	345,044	57,447	30,338
5325,559	132,679	313,592	345,595	57,828	30,406
5326,558	132,874	315,400	349,348	58,378	30,385
5327,560	132,940	319,608	348,389	58,837	30,562
5328,558	133,096	317,366	352,509	59,269	30,700
5329,559	133,093	319,265	351,821	59,763	30,637
5330,559	133,213	319,028	352,534	60,203	30,975
5331,559	133,546	323,306	354,380	60,489	30,745
5332,559	133,475	321,181	352,417	61,192	31,114
5333,560	133,773	324,297	354,803	61,574	31,086
5334,558	133,968	326,367	348,086	62,010	31,456
5335,558	134,239	325,901	356,078	62,408	31,395
5336,558	134,289	326,334	351,583	62,901	31,537
5337,559	134,495	326,870	355,682	63,302	31,726
5338,559	134,542	324,511	357,069	63,716	31,455
5339,559	134,971	324,739	362,622	64,205	31,848
5340,557	135,116	329,740	362,316	64,704	31,826
5341,558	135,137	328,662	363,106	65,090	32,055
5342,558	135,430	332,673	359,196	65,647	32,220
5343,558	135,653	328,753	354,997	65,999	32,167
5344,558	135,879	330,697	363,528	66,379	32,143
5345,559	135,997	330,543	362,540	66,821	32,202
5346,558	136,288	330,955	364,341	67,262	32,430
5347,559	136,466	332,384	366,978	67,708	32,437
5348,558	136,920	336,062	367,289	68,182	32,510
5349,560	137,017	330,580	369,257	68,606	32,778
5350,561	137,273	337,817	368,205	69,126	33,167
5351,559	137,539	332,381	367,858	69,531	33,044
5352,559	137,823	336,026	369,101	69,970	33,110
5353,560	137,915	335,940	370,707	70,492	33,304
5354,559	138,097	339,344	371,324	70,827	33,344
5355,559	138,341	340,376	369,675	71,293	33,518
5356,558	138,709	343,357	373,234	71,800	33,615
5357,560	138,819	335,340	377,744	72,206	33,617
5358,559	139,241	337,964	374,359	72,635	33,826
5359,559	139,473	337,241	373,778	73,032	33,783
5360,559	139,850	338,826	373,493	73,499	33,916
5361,560	139,834	344,091	371,997	73,861	34,155
5362,559	139,909	347,790	377,342	74,320	34,386
5363,561	140,442	345,695	374,860	74,790	34,596
5364,560	140,893	343,023	376,495	75,193	34,547
5365,559	141,209	343,738	376,017	75,683	34,534
5366,559	141,548	345,676	377,842	76,135	34,964
5367,560	141,462	349,690	380,589	76,558	35,025
5368,560	141,662	349,012	381,292	76,980	35,017
5369,559	141,587	332,552	361,220	77,294	35,045
5370,560	141,667	322,156	346,079	77,341	35,172
5371,559	141,830	318,105	341,242	77,198	35,199
5372,559	141,947	313,706	336,198	76,948	35,188
5373,561	142,176	309,200	331,099	76,762	35,245
5374,559	142,335	304,729	325,930	76,535	35,272
5375,560	142,609	300,450	320,837	76,384	35,346
5376,560	142,704	296,331	315,883	76,294	35,375
5377,559	142,855	292,273	310,922	76,196	35,394
5378,559	142,978	288,400	306,195	76,212	35,558
5379,560	143,035	284,533	301,631	76,246	35,605
5380,560	143,076	280,939	297,174	76,291	35,647
5381,559	143,202	277,401	292,840	76,360	35,658
5382,557	143,262	274,229	288,770	76,501	35,761
5383,559	143,262	271,175	284,775	76,447	35,717
5384,559	143,445	268,274	280,923	76,616	35,832
5385,559	143,574	265,475	277,154	76,659	35,887
5386,559	143,707	262,717	273,506	76,696	35,900
5387,561	143,760	260,156	270,024	76,774	36,082
5388,559	143,843	257,628	266,641	76,832	36,095
5389,560	144,026	255,202	263,346	76,936	36,202
5390,559	144,127	252,858	260,164	76,962	36,263
5391,559	144,181	250,583	257,126	77,038	36,387
5392,560	144,256	248,377	254,143	77,110	36,412
5393,560	144,390	246,346	251,358	77,159	36,479
5394,560	144,424	244,216	248,437	77,185	36,562
5395,560	144,491	242,318	245,864	77,282	36,684
5396,560	144,543	240,391	243,263	77,399	36,837
5397,559	144,662	238,560	240,765	77,464	36,923
5398,559	144,751	236,830	238,369	77,581	37,108
5399,559	144,849	234,990	235,964	77,578	37,122
5400,561	144,890	233,288	233,734	77,644	37,213
5401,560	144,898	231,626	231,471	77,675	37,238
5402,559	144,972	230,048	229,391	77,789	37,471
5403,559	145,035	228,403	227,313	77,820	37,551
5404,561	145,159	226,882	225,343	77,845	37,657
5405,562	145,138	225,331	223,340	77,955	37,747
5406,561	145,190	223,871	221,495	78,047	37,824
5407,560	145,204	222,405	219,617	78,152	37,905
5408,558	145,245	221,053	217,772	78,126	38,064
5409,560	145,234	219,622	215,987	78,201	38,106
5410,560	145,337	218,279	214,247	78,260	38,176
5411,558	145,363	216,974	212,553	78,334	38,388
5412,559	145,462	215,667	210,922	78,390	38,569
5413,559	145,386	214,356	209,277	78,427	38,561
5414,560	145,440	213,236	207,741	78,465	38,773
5415,559	145,571	211,991	206,172	78,532	38,944
5416,560	145,540	210,825	204,692	78,576	39,038
5417,559	145,610	209,651	203,224	78,626	39,186
5418,558	145,645	208,552	201,766	78,636	39,406
5419,558	145,744	207,490	200,470	78,729	39,595
5420,559	145,710	206,339	199,067	78,742	39,729
5421,560	145,673	205,267	197,740	78,736	39,884
5422,559	145,744	204,199	196,397	78,823	39,964
5423,561	145,793	203,211	195,117	78,926	40,137
5424,559	145,851	202,211	193,945	78,957	40,258
5425,561	145,870	201,171	192,683	78,973	40,326
5426,560	145,851	200,179	191,452	79,017	40,444
5427,560	145,879	199,264	190,362	79,104	40,630
5428,560	145,902	198,261	189,179	79,114	40,654
5429,562	145,840	197,349	187,991	79,087	40,792
5430,559	145,906	196,383	186,824	79,149	40,912
5431,561	145,786	195,463	185,813	79,156	41,007
5432,562	145,840	194,664	184,751	79,257	41,191
5433,561	145,858	193,700	183,595	79,244	41,341
5434,561	145,823	192,884	182,557	79,291	41,451
5435,561	145,812	191,985	181,519	79,368	41,543
5436,560	145,793	191,156	180,498	79,270	41,591
5437,561	145,763	190,297	179,500	79,306	41,747
5438,559	145,740	189,459	178,543	79,396	41,858
5439,560	145,717	188,639	177,561	79,352	42,006
5440,560	145,701	187,903	176,655	79,410	42,180
5441,560	145,718	187,063	175,668	79,399	42,275
5442,561	145,652	186,312	174,804	79,443	42,381
5443,561	145,688	185,587	173,867	79,472	42,462
5444,562	145,644	184,779	172,978	79,466	42,621
5445,561	145,653	184,067	172,096	79,533	42,769
5446,559	145,670	183,287	171,157	79,587	42,879
5447,561	145,631	182,541	170,356	79,582	43,028
5448,560	145,565	181,812	169,510	79,597	43,121
5449,560	145,539	181,160	168,704	79,626	43,249
5450,561	145,519	180,485	167,956	79,639	43,328
5451,562	145,535	179,810	167,059	79,701	43,501
5452,560	145,443	179,038	166,274	79,757	43,548
5453,560	145,362	178,353	165,538	79,771	43,645
5454,561	145,295	177,713	164,766	79,729	43,784
5455,560	145,242	176,991	163,943	79,750	43,841
5456,563	145,204	176,397	163,250	79,834	43,989
5457,561	145,172	175,709	162,531	79,875	44,131
5458,562	145,058	175,060	161,706	79,838	44,196
5459,561	145,019	174,420	161,030	79,851	44,313
5460,561	144,990	173,825	160,296	79,907	44,484
5461,562	144,959	173,208	159,641	79,882	44,622
5462,560	144,881	172,534	158,805	79,861	44,669
5463,561	144,756	171,971	158,223	79,902	44,844
5464,561	144,702	171,417	157,504	79,925	44,960
5465,561	144,558	170,704	156,792	79,864	45,069
5466,561	144,406	170,131	156,104	79,861	45,133
5467,560	144,412	169,579	155,470	79,959	45,359
5468,562	144,384	168,993	154,845	79,984	45,526
5469,561	144,203	168,392	154,180	79,930	45,529
5470,561	144,151	167,892	153,543	79,936	45,672
5471,561	143,987	167,267	152,803	79,871	45,791
5472,562	143,923	166,719	152,186	79,902	45,924
5473,560	143,946	166,143	151,547	79,955	46,122
5474,561	143,812	165,632	150,992	79,942	46,187
5475,562	143,707	165,036	150,334	79,932	46,251
5476,562	143,602	164,579	149,808	79,929	46,434
5477,560	143,546	163,976	149,100	79,911	46,522
5478,561	143,430	163,466	148,534	79,969	46,630
5479,562	143,329	163,011	148,013	79,992	46,820
5480,562	143,263	162,449	147,412	79,987	46,879
5481,561	143,146	161,992	146,831	79,909	47,036
5482,561	143,004	161,432	146,274	79,932	47,158
5483,561	142,903	160,874	145,664	79,924	47,256
5484,561	142,819	160,425	145,150	79,944	47,353
5485,562	142,701	159,904	144,595	79,921	47,434
5486,560	142,568	159,418	144,018	79,894	47,516
5487,559	142,476	159,004	143,513	79,878	47,661
5488,561	142,407	158,521	142,935	79,848	47,840
5489,562	142,238	158,057	142,421	79,863	47,930
5490,562	142,079	157,511	141,895	79,904	48,074
5491,562	141,985	157,192	141,398	79,900	48,238
5492,562	141,830	156,602	140,838	79,838	48,280
5493,563	141,716	156,127	140,329	79,896	48,325
5494,562	141,667	155,683	139,854	79,876	48,459
5495,561	141,628	155,306	139,352	80,029	48,576
5496,560	141,470	154,793	138,951	80,002	48,607
5497,562	141,452	154,390	138,464	79,994	48,716
5498,562	141,305	153,923	137,963	79,987	48,841
5499,562	141,213	153,587	137,460	79,956	48,990
5500,563	141,092	153,160	137,017	80,008	49,125
5501,563	140,996	152,833	136,561	79,979	49,240
5502,562	140,934	152,461	136,069	79,938	49,304
5503,562	140,825	152,032	135,644	79,946	49,469
5504,561	140,744	151,716	135,228	79,914	49,560
5505,562	140,638	151,365	134,835	79,913	49,662
5506,561	140,555	151,097	134,450	79,954	49,679
5507,563	140,480	150,761	133,986	79,884	49,824
5508,562	140,376	150,457	133,687	79,864	49,862
5509,563	140,263	150,125	133,256	79,817	49,885
5510,562	140,136	149,807	132,900	79,837	50,030
5511,562	140,059	149,564	132,540	79,823	50,090
5512,563	139,909	149,346	132,193	79,782	50,207
5513,561	139,739	148,983	131,872	79,690	50,224
5514,563	139,602	148,783	131,526	79,673	50,261
5515,563	139,495	148,454	131,126	79,624	50,284
5516,561	139,350	148,230	130,800	79,607	50,260
5517,562	139,234	148,034	134,659	80,617	61,243
5518,562	139,250	148,236	141,490	87,474	70,951
5519,563	139,310	148,688	148,355	96,346	69,777
5520,563	139,135	149,031	154,881	106,120	71,693
5521,562	139,022	149,159	162,959	116,071	72,501
5522,563	138,961	149,414	171,280	125,764	72,868
5523,561	138,976	149,573	178,275	135,224	73,952
5524,561	138,822	149,557	187,191	144,028	74,054
5525,562	138,660	149,528	194,213	152,617	76,128
5526,563	138,475	149,432	202,127	161,227	76,335
5527,564	138,614	149,560	211,477	169,260	77,554
5528,563	138,338	149,459	219,994	176,595	78,687
5529,564	138,120	149,599	227,751	184,094	80,613
5530,562	138,067	149,392	234,027	191,179	83,360
5531,562	137,919	149,578	237,878	198,068	78,765
5532,562	137,884	149,334	244,779	204,722	82,244
5533,564	137,917	149,438	251,320	211,111	82,834
5534,562	137,508	149,185	253,524	216,597	82,995
5535,562	137,638	149,478	258,644	222,152	86,937
5536,562	137,351	149,528	263,731	227,174	82,074
5537,562	137,274	149,416	265,616	231,860	85,506
5538,560	137,211	149,632	270,301	236,793	88,654
5539,563	136,997	149,376	273,885	241,187	85,564
5540,562	136,720	149,464	275,290	245,432	87,528
5541,562	136,939	149,469	278,996	249,395	88,965
5542,562	136,510	149,555	282,337	253,138	91,376
5543,562	136,563	150,274	305,635	280,187	72,299
5544,563	136,104	150,450	307,473	284,311	72,442
5545,563	135,997	150,673	310,689	288,263	73,160
5546,564	135,922	149,764	309,216	290,523	74,550
5547,564	135,562	150,052	315,235	295,467	75,732
5548,563	135,441	149,911	315,394	295,727	75,881
5549,560	135,288	150,832	312,902	298,653	76,525
5550,562	135,100	150,154	322,120	299,764	77,204
5551,562	135,106	149,985	315,545	304,088	78,190
5552,563	134,866	150,259	325,108	305,841	79,136
5553,563	134,723	150,158	322,759	312,384	80,311
5554,561	134,316	150,128	326,899	310,691	80,887
5555,563	134,320	150,195	327,557	313,692	81,689
5556,563	134,395	150,944	330,378	316,298	82,332
5557,563	134,180	150,342	331,904	319,035	83,418
5558,564	134,227	151,490	334,417	319,361	84,088
5559,563	134,133	151,227	335,110	322,078	84,648
5560,562	133,886	150,560	337,210	317,664	85,777
5561,563	133,969	151,286	337,775	323,331	86,461
5562,564	133,381	151,778	338,215	330,356	87,365
5563,562	133,552	150,986	341,970	328,541	88,111
5564,563	133,452	150,744	340,363	332,882	88,915
5565,563	133,323	150,697	340,933	336,783	90,135
5566,562	133,161	150,329	343,567	337,932	91,504
5567,562	133,216	150,011	339,742	341,244	91,806
5568,563	132,866	150,369	344,596	340,035	92,708
5569,562	132,998	151,024	347,098	341,242	93,280
5570,563	132,778	151,429	350,330	339,909	93,576
5571,564	132,649	151,960	351,114	340,697	94,210
5572,563	132,510	151,199	351,452	348,438	95,604
5573,563	132,292	150,737	352,565	348,593	96,252
5574,563	132,157	150,436	350,467	351,315	97,154
5575,564	132,181	151,270	354,286	350,356	96,748
5576,563	131,992	150,558	357,584	352,214	96,981
5577,564	131,674	150,993	356,721	347,138	97,566
5578,563	131,812	151,375	357,885	350,953	98,477
5579,562	131,811	151,127	358,564	359,604	99,365
5580,561	131,767	150,977	360,194	352,400	99,782
5581,562	131,489	150,756	361,645	356,455	101,656
5582,561	131,471	151,103	362,699	359,736	101,436
5583,562	131,265	150,881	361,975	362,909	102,160
5584,563	131,137	150,851	363,956	355,834	102,930
5585,562	131,032	150,946	365,147	364,486	103,846
5586,563	131,043	151,145	363,576	365,334	105,266
5587,562	130,866	150,951	364,274	367,434	107,543
5588,563	130,845	151,080	367,271	366,410	108,229
5589,563	130,635	151,177	369,940	367,181	107,978
5590,563	130,543	151,565	371,857	369,031	108,697
5591,563	130,257	151,545	372,045	369,014	109,782
5592,562	130,236	151,663	368,903	369,960	110,224
5593,563	130,003	151,474	372,091	366,584	111,185
5594,563	130,368	151,930	372,200	368,914	111,377
5595,564	129,966	151,880	373,622	371,187	111,940
5596,563	129,852	152,013	376,467	376,216	112,047
5597,562	129,838	152,460	377,377	370,008	112,898
5598,562	129,689	152,003	375,668	376,496	113,020
5599,567	129,523	152,471	376,015	375,877	113,866
5600,563	129,330	152,347	378,635	380,850	114,835
5601,563	129,463	152,808	378,220	376,252	115,518
5602,562	129,183	152,650	379,170	376,821	115,756
5603,563	129,084	152,583	380,006	383,250	116,435
5604,563	129,085	152,580	365,363	360,395	116,831
5605,563	128,820	152,060	352,853	342,644	116,983
5606,563	128,711	151,662	348,345	337,890	117,240
5607,562	128,539	151,356	343,623	333,038	117,422
5608,564	128,468	151,086	338,899	328,006	117,410
5609,562	128,270	150,896	334,183	322,996	117,462
5610,563	128,184	150,639	329,540	318,111	117,604
5611,564	127,974	150,394	324,892	313,091	117,674
5612,561	127,901	150,288	320,468	308,263	117,764
5613,564	127,740	150,060	316,093	303,550	117,848
5614,563	127,629	149,914	311,888	298,992	117,921
5615,562	127,533	149,803	307,817	294,600	118,085
5616,562	127,376	149,639	303,922	290,400	118,090
5617,564	127,260	149,536	300,022	286,242	118,057
5618,563	127,142	149,367	296,343	282,305	118,130
5619,564	127,065	149,328	292,807	278,511	118,228
5620,563	126,918	149,172	289,394	274,911	118,327
5621,565	126,846	149,113	286,137	271,367	118,372
5622,564	126,680	149,009	282,900	267,998	118,396
5623,564	126,643	148,921	279,835	264,673	118,442
5624,563	126,434	148,805	276,835	261,416	118,465
5625,565	126,347	148,777	273,945	258,308	118,501
5626,563	126,233	148,712	271,179	255,309	118,563
5627,565	126,116	148,629	268,369	252,353	118,609
5628,563	126,030	148,619	265,799	249,518	118,582
5629,564	125,919	148,513	263,204	246,814	118,510
5630,563	125,839	148,441	260,741	244,161	118,493
5631,564	125,786	148,386	258,388	241,687	118,463
5632,565	125,613	148,362	256,033	239,170	118,430
5633,564	125,534	148,215	253,846	236,790	118,381
5634,564	125,453	148,222	251,734	234,565	118,523
5635,564	125,376	148,170	249,603	232,249	118,485
5636,565	125,227	148,116	247,557	230,090	118,535
5637,564	125,156	148,051	245,590	228,035	118,583
5638,564	125,081	147,969	243,669	225,962	118,625
5639,565	124,964	147,932	241,835	224,055	118,719
5640,562	124,953	147,904	239,989	222,117	118,882
5641,564	124,758	147,873	238,309	220,256	118,877
5642,564	124,643	147,814	236,517	218,434	118,672
5643,563	124,544	147,759	234,896	216,646	118,484
5644,563	124,503	147,757	233,280	214,972	118,418
5645,565	124,368	147,710	231,725	213,233	118,380
5646,565	124,328	147,659	230,211	211,706	118,355
5647,564	124,206	147,626	228,697	210,049	118,342
5648,564	124,078	147,533	227,196	208,540	118,370
5649,564	124,059	147,491	225,805	207,002	118,533
5650,563	123,981	147,458	224,390	205,593	118,671
5651,564	123,912	147,459	223,055	204,090	118,758
5652,564	123,818	147,395	221,727	202,735	118,839
5653,564	123,694	147,309	220,439	201,370	118,916
5654,564	123,545	147,225	219,099	200,047	118,861
5655,564	123,537	147,179	217,840	198,767	118,895
5656,564	123,365	147,051	216,639	197,480	118,821
5657,564	123,367	147,073	215,450	196,289	118,881
5658,564	123,209	146,980	214,201	194,905	118,846
5659,564	123,151	146,894	213,040	193,776	118,897
5660,564	123,146	146,827	211,954	192,626	118,879
5661,563	123,014	146,824	210,818	191,470	118,914
5662,565	122,858	146,707	209,695	190,276	118,767
5663,564	122,835	146,726	208,676	189,206	118,945
5664,564	122,773	146,646	207,582	188,116	118,853
5665,565	122,634	146,523	206,530	187,022	118,715
5666,565	122,594	146,534	205,486	185,978	118,649
5667,565	122,530	146,459	204,528	184,925	118,493
5668,564	122,425	146,384	203,484	183,837	118,408
5669,565	122,438	146,351	202,552	182,902	118,400
5670,564	122,304	146,243	201,583	181,909	118,361
5671,564	122,182	146,179	200,573	180,846	118,263
5672,564	122,145	146,128	199,693	179,941	118,295
5673,564	122,119	146,096	198,784	179,026	118,256
5674,566	122,036	146,012	197,845	178,139	118,293
5675,565	121,946	145,981	197,028	177,240	118,239
5676,564	121,878	145,925	196,156	176,361	118,248
5677,564	121,763	145,820	195,262	175,478	118,245
5678,564	121,706	145,732	194,331	174,525	118,105
5679,564	121,614	145,708	193,533	173,727	118,068
5680,565	121,640	145,602	192,711	172,930	117,936
5681,565	121,557	145,579	191,908	172,107	117,864
5682,562	121,472	145,460	191,090	171,289	117,734
5683,565	121,383	145,414	190,337	170,533	117,731
5684,565	121,343	145,329	189,535	169,776	117,657
5685,565	121,208	145,263	188,710	168,976	117,624
5686,565	121,176	145,170	187,988	168,207	117,672
5687,563	121,107	145,089	187,213	167,456	117,661
5688,565	121,088	145,004	186,506	166,809	117,656
5689,564	120,965	144,957	185,712	166,016	117,508
5690,565	120,966	144,910	185,055	165,360	117,466
5691,565	120,788	144,757	184,283	164,571	117,384
5692,565	120,718	144,595	183,505	163,853	117,400
5693,564	120,644	144,530	182,800	163,192	117,329
5694,564	120,656	144,502	182,194	162,599	117,424
5695,564	120,555	144,423	181,460	161,900	117,320
5696,564	120,473	144,345	180,849	161,283	117,287
5697,565	120,396	144,241	180,118	160,525	117,172
5698,565	120,305	144,133	179,486	159,998	117,125
5699,564	120,304	144,079	178,836	159,315	116,996
5700,565	120,179	143,870	178,130	158,648	116,980
5701,565	120,121	143,863	177,512	158,072	116,939
5702,565	120,080	143,758	176,931	157,501	116,947
5703,565	120,010	143,665	176,316	156,784	116,867
5704,565	119,912	143,546	175,662	156,205	116,743
5705,564	119,866	143,490	175,115	155,597	116,656
5706,564	119,778	143,422	174,478	155,038	116,579
5707,564	119,747	143,310	173,896	154,507	116,419
5708,565	119,736	143,236	173,286	153,890	116,207
5709,564	119,590	143,117	172,748	153,280	116,069
5710,566	119,524	143,020	172,152	152,690	115,861
5711,565	119,460	142,848	171,514	152,129	115,750
5712,565	119,462	142,792	171,017	151,589	115,790
5713,564	119,366	142,716	170,453	151,094	115,777
5714,565	119,312	142,593	169,898	150,536	115,761
5715,565	119,246	142,518	169,306	150,043	115,710
5716,566	119,191	142,421	168,816	149,524	115,624
5717,567	119,109	142,240	168,216	149,015	115,387
5718,565	119,055	142,135	167,707	148,485	115,330
5719,564	119,016	142,057	167,201	148,012	115,251
5720,564	118,952	141,936	166,631	147,529	115,201
5721,565	118,780	141,802	166,064	146,942	115,033
5722,565	118,713	141,689	165,504	146,474	114,994
5723,565	118,712	141,608	165,112	146,079	114,933
5724,563	118,593	141,460	164,550	145,542	114,712
5725,566	118,591	141,357	164,065	145,140	114,589
5726,567	118,508	141,227	163,549	144,614	114,516
5727,565	118,481	141,128	163,060	144,141	114,432
5728,566	118,296	141,014	162,569	143,680	114,372
5729,566	118,328	140,892	162,026	143,223	114,357
5730,564	118,221	140,776	161,576	142,686	114,292
5731,565	118,215	140,668	161,109	142,335	114,086
5732,565	118,128	140,645	160,620	141,853	113,991
5733,565	118,100	140,380	160,091	141,381	113,840
5734,564	117,980	140,288	159,700	140,994	113,721
5735,566	117,935	140,187	159,228	140,533	113,577
5736,564	117,920	140,086	158,755	140,087	113,407
5737,565	117,805	139,989	158,224	139,713	113,156
5738,565	117,687	139,864	157,829	139,269	112,838
5739,564	117,646	139,689	157,331	138,812	112,653
5740,565	117,587	139,545	156,860	138,440	112,611
5741,566	117,571	139,507	156,479	138,044	112,535
5742,565	117,571	139,419	156,084	137,700	112,419
5743,566	117,444	139,278	155,619	137,224	112,171
5744,567	117,397	139,072	155,096	136,877	111,749
5745,565	117,313	138,954	154,735	136,560	111,526
5746,565	117,304	138,876	154,290	136,147	111,379
5747,566	117,207	138,702	153,850	135,759	111,282
5748,566	117,199	138,631	153,509	135,487	111,323
5749,564	117,142	138,534	153,087	135,085	111,255
5750,565	117,053	138,372	152,693	134,771	111,150
5751,566	117,021	138,251	152,322	134,502	111,103
5752,567	117,011	138,144	151,984	134,150	111,015
5753,565	116,844	137,975	151,527	133,748	110,882
5754,564	116,818	137,889	151,236	133,474	110,736
5755,567	116,818	137,791	150,874	133,183	110,721
5756,565	116,812	137,651	150,567	132,904	110,571
5757,567	116,716	137,567	150,296	132,649	110,504
5758,567	116,675	137,403	149,879	132,312	110,320
5759,564	116,627	137,249	149,592	132,105	110,111
5760,564	116,533	137,153	149,358	131,838	109,964
5761,563	116,509	137,023	149,081	131,589	109,750
5762,566	116,514	136,861	148,756	131,346	109,665
5763,566	116,427	136,761	148,450	131,120	109,541
5764,567	116,378	136,668	148,137	130,872	109,448
5765,566	116,347	136,503	147,890	130,624	109,570
5766,563	116,170	136,329	147,612	130,372	109,465
5767,564	116,149	136,186	147,324	130,152	109,416
5768,566	116,062	136,042	147,059	129,893	109,103
5769,567	116,061	136,005	146,919	129,766	108,906
5770,568	115,964	135,837	146,591	129,455	108,557
5771,566	115,903	135,703	146,344	129,232	108,280
5772,566	115,892	135,514	146,063	128,984	108,006
5773,566	115,899	135,527	145,881	128,821	107,934
5774,567	115,831	135,365	145,693	128,632	107,777
5775,566	115,884	135,253	145,479	128,424	107,685
5776,565	115,831	135,134	145,199	128,254	107,403
5777,563	115,799	135,047	144,984	128,132	107,256
5778,566	115,777	134,916	144,682	127,892	107,118
5779,566	115,674	134,740	144,422	127,654	107,188
5780,566	115,609	134,649	144,224	127,445	107,222
5781,566	115,575	134,571	144,045	127,239	107,308
5782,566	115,563	134,407	143,872	127,068	107,216
5783,567	115,431	134,309	144,056	149,225	119,419
5784,567	115,651	134,513	144,551	168,991	129,790
5785,565	115,421	134,323	144,962	179,549	138,150
5786,567	115,326	134,355	145,133	190,044	144,743
5787,567	115,328	134,367	145,659	198,775	149,857
5788,566	115,481	134,307	145,909	206,790	158,569
5789,565	115,341	134,337	146,019	219,280	166,002
5790,566	115,466	134,335	146,568	227,524	175,249
5791,567	115,306	134,255	146,515	233,427	182,186
5792,564	115,129	134,259	146,818	238,840	189,664
5793,565	115,157	134,123	146,965	240,967	195,377
5794,567	115,149	134,263	147,202	253,902	200,925
5795,565	115,389	134,256	147,325	258,236	205,861
5796,565	115,212	134,140	147,467	261,636	210,918
5797,563	115,173	134,178	147,699	270,005	216,894
5798,566	115,034	134,167	147,814	274,123	222,869
5799,566	115,108	133,995	147,878	278,963	225,124
5800,566	114,824	134,039	148,230	281,720	231,360
5801,567	115,054	134,154	148,102	287,989	236,361
5802,568	114,973	133,929	148,266	288,299	240,718
5803,565	114,930	133,963	148,308	293,724	248,458
5804,566	115,035	133,973	148,368	295,447	251,197
5805,566	114,702	133,547	148,383	299,300	256,786
5806,566	114,865	133,742	148,433	303,625	261,419
5807,566	114,961	133,650	148,366	302,435	262,029
5808,566	114,871	133,577	148,566	307,455	267,429
5809,567	114,773	133,392	148,472	310,264	270,707
5810,567	114,726	133,460	148,573	312,225	272,025
5811,565	114,817	133,518	148,763	309,980	275,381
5812,567	114,636	133,152	148,615	314,894	281,374
5813,567	114,487	133,230	148,625	319,316	282,404
5814,566	114,714	133,102	148,782	319,824	281,793
5815,567	114,466	132,967	148,753	322,121	287,285
5816,566	114,632	133,042	148,862	323,341	292,179
5817,568	114,476	133,073	148,925	325,234	292,138
5818,567	114,228	132,750	148,915	326,917	291,935
5819,567	114,234	132,641	148,909	325,466	292,200
5820,566	114,326	132,579	148,760	326,784	293,528
5821,567	114,403	132,561	148,784	328,720	295,170
5822,567	114,431	132,435	148,812	330,877	297,142
5823,567	114,171	132,310	148,800	330,604	298,588
5824,567	114,013	132,351	148,770	329,845	300,524
5825,566	113,871	132,082	148,826	331,064	302,643
5826,567	113,991	132,053	148,958	333,334	304,753
5827,567	114,032	131,917	148,937	334,759	306,992
5828,568	113,913	131,831	148,888	336,841	308,512
5829,567	114,039	131,951	149,026	337,964	309,733
5830,567	113,985	131,849	148,962	337,276	310,913
5831,567	113,710	131,741	148,817	339,086	312,683
5832,568	113,714	131,465	148,846	340,919	317,050
5833,567	113,591	131,438	148,827	341,533	320,069
5834,567	113,357	131,000	148,988	344,040	322,248
5835,567	113,413	131,225	148,839	344,707	323,541
5836,568	113,532	131,449	148,798	345,668	323,885
5837,566	113,236	131,127	148,920	345,281	324,782
5838,567	113,284	131,083	149,154	345,205	328,906
5839,568	113,296	130,636	149,094	346,746	329,158
5840,566	113,162	130,576	148,953	346,766	330,735
5841,566	113,418	130,589	149,138	349,539	331,688
5842,567	113,268	130,463	149,176	349,745	333,490
5843,566	113,160	130,355	149,009	349,559	334,111
5844,568	113,273	130,371	149,406	349,309	335,001
5845,567	113,333	130,361	149,488	352,072	338,461
5846,568	113,261	130,123	149,342	353,721	344,043
5847,567	113,176	130,052	149,460	356,438	342,312
5848,568	113,219	129,865	149,386	353,637	346,362
5849,568	113,226	129,735	149,601	354,357	346,891
5850,568	113,071	129,817	149,563	357,040	349,293
5851,566	113,094	129,522	149,531	357,514	350,300
5852,567	112,992	129,567	149,612	357,334	350,160
5853,567	113,036	129,437	149,566	358,221	350,704
5854,567	112,765	129,233	149,456	356,405	352,127
5855,567	112,982	129,223	149,585	358,477	353,049
5856,566	112,911	129,306	149,730	352,803	355,556
5857,565	112,940	129,192	149,844	355,737	358,633
5858,567	112,844	128,697	149,881	362,715	362,191
5859,567	112,782	128,894	149,767	362,143	361,504
5860,568	112,637	128,773	149,797	362,794	366,779
5861,567	112,680	128,549	150,066	364,006	364,880
5862,567	112,611	128,741	150,067	363,525	366,546
5863,569	112,696	128,444	150,198	362,603	369,111
5864,569	112,454	128,364	150,261	365,502	370,540
5865,567	112,394	128,252	150,383	365,464	370,375
5866,568	112,532	128,293	150,497	363,629	371,768
5867,567	112,365	128,112	150,534	364,978	373,824
5868,568	112,271	128,034	151,078	367,758	373,578
5869,567	112,170	127,859	150,795	366,593	374,507
5870,568	112,227	127,695	150,691	367,765	377,211
5871,567	112,086	127,783	150,863	369,763	376,596
5872,567	111,827	127,742	150,864	365,858	378,132
5873,567	111,953	127,234	150,970	371,518	381,187
5874,567	111,874	127,396	151,087	368,870	380,395
5875,567	111,896	127,402	151,140	372,150	385,084
5876,568	111,926	127,376	151,440	372,737	384,047
5877,568	111,814	127,235	151,513	373,776	386,779
5878,567	111,791	127,219	151,562	375,390	385,473
5879,567	111,823	127,239	151,676	373,195	387,177
5880,570	111,683	126,989	151,467	372,835	386,941
5881,568	111,577	126,879	151,805	370,385	385,745
5882,567	111,358	126,657	151,265	344,007	369,233
5883,568	111,307	126,493	150,886	337,747	367,146
5884,568	111,195	126,319	150,554	331,649	364,134
5885,567	111,137	126,049	150,217	325,587	360,802
5886,568	111,081	125,953	149,987	319,935	357,481
5887,567	110,999	125,755	149,669	314,423	353,837
5888,569	110,861	125,555	149,382	309,134	349,677
5889,567	110,876	125,464	149,211	304,211	345,372
5890,568	110,771	125,297	149,005	299,517	341,051
5891,568	110,642	125,113	148,737	295,037	336,884
5892,569	110,598	125,016	148,621	290,836	332,758
5893,568	110,529	124,862	148,414	286,774	328,705
5894,567	110,467	124,753	148,310	282,970	324,649
5895,569	110,363	124,585	148,099	279,220	320,741
5896,568	110,272	124,469	147,922	275,742	317,020
5897,567	110,281	124,382	147,830	272,400	313,302
5898,568	110,231	124,259	147,679	269,149	309,569
5899,567	110,111	124,093	147,446	266,039	305,775
5900,567	109,991	123,950	147,268	262,992	302,331
5901,567	109,974	123,893	147,179	260,139	299,060
5902,567	109,848	123,713	147,017	257,296	295,809
5903,568	109,854	123,635	146,975	254,760	292,689
5904,569	109,719	123,482	146,704	252,137	289,554
5905,568	109,730	123,383	146,627	249,763	286,651
5906,568	109,640	123,262	146,470	247,355	283,782
5907,568	109,580	123,175	146,396	245,040	281,004
5908,566	109,517	123,041	146,203	242,848	278,297
5909,568	109,515	122,915	146,128	240,747	275,717
5910,566	109,383	122,864	146,025	238,714	273,229
5911,567	109,334	122,749	145,914	236,726	270,770
5912,567	109,278	122,648	145,835	234,822	268,372
5913,569	109,230	122,562	145,773	232,938	265,938
5914,568	109,151	122,431	145,618	231,089	263,536
5915,568	109,104	122,385	145,656	229,389	261,423
5916,567	109,063	122,255	145,533	227,660	259,299
5917,567	108,896	122,110	145,384	225,919	257,181
5918,567	108,866	122,015	145,317	224,322	255,200
5919,568	108,778	121,967	145,200	222,783	253,148
5920,568	108,681	121,852	145,122	221,201	251,095
5921,567	108,618	121,729	145,011	219,723	249,081
5922,568	108,534	121,587	144,872	218,210	247,156
5923,567	108,495	121,591	144,769	216,888	245,365
5924,569	108,497	121,458	144,718	215,509	243,655
5925,567	108,365	121,421	144,681	214,207	241,997
5926,567	108,296	121,290	144,537	212,833	240,276
5927,567	108,290	121,257	144,457	211,532	238,725
5928,568	108,164	121,147	144,404	210,242	237,087
5929,568	108,097	121,045	144,374	209,064	235,359
5930,568	107,976	120,911	144,306	207,837	233,580
5931,568	107,988	120,860	144,225	206,629	231,880
5932,568	107,915	120,828	144,204	205,541	230,203
5933,568	107,804	120,628	144,056	204,347	228,568
5934,569	107,820	120,632	144,085	203,241	227,075
5935,566	107,749	120,552	143,981	202,176	225,419
5936,569	107,635	120,381	143,797	201,066	223,806
5937,569	107,596	120,334	143,737	200,047	222,334
5938,569	107,564	120,242	143,674	199,085	221,031
5939,568	107,414	120,119	143,546	198,039	219,733
5940,567	107,397	120,074	143,482	196,999	218,286
5941,569	107,379	120,035	143,439	196,057	216,989
5942,569	107,277	119,920	143,334	195,077	215,637
5943,569	107,232	119,840	143,237	194,123	214,388
5944,567	107,133	119,716	143,138	193,173	213,125
5945,568	107,032	119,677	143,031	192,238	211,897
5946,569	107,052	119,566	143,015	191,399	210,744
5947,569	106,870	119,475	142,853	190,459	209,549
5948,568	106,832	119,405	142,727	189,604	208,434
5949,568	106,803	119,350	142,699	188,732	207,330
5950,569	106,728	119,248	142,598	187,937	206,138
5951,568	106,698	119,228	142,519	187,088	204,974
5952,568	106,620	119,146	142,428	186,259	203,902
5953,568	106,520	119,049	142,322	185,489	202,678
5954,568	106,463	118,951	142,199	184,674	201,515
5955,569	106,390	118,869	142,101	183,901	200,332
5956,568	106,310	118,852	142,040	183,113	199,210
5957,570	106,204	118,717	141,932	182,362	197,950
5958,569	106,170	118,658	141,833	181,588	196,796
5959,569	106,075	118,606	141,688	180,876	195,613
5960,570	105,988	118,508	141,594	180,105	194,558
5961,569	105,974	118,497	141,571	179,419	193,571
5962,570	105,848	118,319	141,381	178,675	192,362
5963,568	105,855	118,320	141,325	178,000	191,378
5964,568	105,792	118,234	141,220	177,312	190,390
5965,566	105,757	118,158	141,112	176,664	189,233
5966,569	105,661	118,053	141,013	175,937	188,085
5967,568	105,608	118,002	140,924	175,275	186,831
5968,569	105,369	117,829	140,733	174,501	185,711
5969,569	105,332	117,807	140,670	173,867	184,948
5970,569	105,228	117,709	140,483	173,250	184,243
5971,570	105,243	117,709	140,353	172,597	183,451
5972,569	105,140	117,560	140,253	171,980	182,634
5973,570	105,147	117,491	140,136	171,392	182,041
5974,570	105,058	117,416	140,009	170,810	181,351
5975,568	105,035	117,374	139,882	170,235	180,719
5976,569	104,996	117,296	139,789	169,595	180,002
5977,569	104,952	117,255	139,713	169,019	179,264
5978,568	104,848	117,171	139,543	168,429	178,484
5979,569	104,813	117,080	139,448	167,843	177,606
5980,570	104,751	117,086	139,303	167,277	176,845
5981,570	104,666	116,923	139,114	166,647	176,033
5982,567	104,582	116,834	138,918	166,087	175,256
5983,567	104,581	116,756	138,789	165,608	174,585
5984,570	104,478	116,650	138,618	165,028	173,782
5985,570	104,450	116,622	138,532	164,480	173,052
5986,569	104,406	116,591	138,430	163,961	172,349
5987,568	104,279	116,473	138,274	163,419	171,663
5988,570	104,177	116,358	138,117	162,803	170,925
5989,568	104,198	116,356	138,113	162,361	170,319
5990,567	104,203	116,340	138,007	161,844	169,667
5991,569	104,042	116,189	137,827	161,254	168,921
5992,569	103,961	116,100	137,726	160,759	168,255
5993,569	103,880	116,046	137,667	160,263	167,506
5994,568	103,844	115,952	137,543	159,749	166,713
5995,569	103,717	115,904	137,387	159,213	165,924
5996,569	103,678	115,808	137,274	158,713	165,209
5997,567	103,649	115,772	137,162	158,231	164,429
5998,567	103,549	115,683	137,006	157,712	163,727
5999,569	103,469	115,649	136,861	157,259	162,973
6000,570	103,449	115,592	136,772	156,839	162,262
6001,568	103,354	115,534	136,612	156,330	161,569
6002,570	103,305	115,430	136,439	155,825	160,891
6003,568	103,227	115,338	136,299	155,320	160,306
6004,569	103,098	115,216	136,183	154,891	159,686
6005,570	103,064	115,202	136,116	154,482	159,155
6006,568	103,013	115,217	135,988	153,946	158,510
6007,568	102,966	115,121	135,852	153,506	157,967
6008,567	102,973	115,034	135,773	153,110	157,319
6009,571	102,887	114,914	135,605	152,663	156,626
6010,568	102,770	114,897	135,451	152,214	155,934
6011,567	102,732	114,807	135,302	151,737	155,209
6012,568	102,687	114,727	135,123	151,345	154,546
6013,566	102,590	114,602	135,018	150,893	153,890
6014,567	102,547	114,643	134,934	150,476	153,425
6015,569	102,485	114,529	134,753	149,973	152,748
6016,570	102,423	114,422	134,617	149,572	152,108
6017,569	102,351	114,369	134,521	149,154	151,381
6018,568	102,303	114,275	134,345	148,741	150,732
6019,568	102,269	114,243	134,198	148,295	150,090
6020,569	102,161	114,168	134,005	147,942	149,560
