Time (s)	TC1 (C)	TC2 (C)	TC3 (C)	TC4 (C)	TC5 (C)
1421,866	20,965	21,243	21,891	22,199	22,235
1422,905	20,958	21,186	21,931	22,213	22,274
1423,865	21,047	21,327	21,920	22,236	22,300
1424,866	20,963	21,196	21,884	22,177	22,281
1425,867	20,961	21,207	21,876	22,122	22,227
1426,866	20,994	21,184	21,875	22,215	22,268
1427,866	20,940	21,195	21,830	22,116	22,157
1428,867	32,962	27,559	22,047	22,707	22,586
1429,867	53,200	38,686	22,441	22,676	22,747
1430,867	71,142	50,519	23,082	22,726	23,171
1431,866	87,770	62,214	23,764	22,803	22,879
1432,865	103,020	73,347	24,304	22,981	22,720
1433,869	117,412	83,872	24,915	23,093	23,326
1434,865	130,908	93,488	25,572	23,241	23,513
1435,868	144,244	102,384	26,069	23,180	23,722
1436,867	156,080	110,632	26,622	23,263	23,587
1437,867	166,579	118,510	27,220	23,290	24,505
1438,867	175,701	125,652	27,506	23,347	23,752
1439,867	184,064	132,563	27,973	23,510	23,594
1440,868	191,482	138,808	28,547	23,512	23,073
1441,866	198,380	144,223	29,016	23,503	23,220
1442,867	204,734	149,529	29,390	23,684	23,444
1443,867	210,392	154,156	29,685	23,804	24,320
1444,867	215,973	158,701	30,236	23,963	24,532
1445,867	220,620	162,175	30,455	23,571	24,152
1446,866	224,954	166,285	30,938	23,902	23,590
1447,867	228,876	169,510	31,163	23,940	23,077
1448,867	233,051	172,836	31,510	23,908	23,363
1449,867	237,354	175,968	31,936	24,092	24,183
1450,868	241,724	178,942	32,199	24,157	24,089
1451,867	246,152	181,857	32,552	24,344	24,583
1452,868	250,531	184,273	32,803	24,318	24,077
1453,866	254,807	187,269	33,203	24,256	24,156
1454,866	259,079	189,393	33,349	24,455	23,411
1455,867	263,134	191,483	33,684	24,713	22,876
1456,866	267,180	193,923	33,945	24,898	23,076
1457,866	270,930	196,015	34,316	24,979	23,162
1458,867	274,687	198,016	34,507	24,977	23,179
1459,866	278,014	199,868	34,704	24,998	23,115
1460,867	281,297	201,427	34,964	25,044	23,032
1461,867	284,760	202,834	35,237	25,192	23,070
1462,866	288,051	204,554	35,497	25,304	23,360
1463,867	291,085	205,668	35,759	25,206	22,966
1464,866	293,608	207,093	36,025	25,483	23,129
1465,868	296,005	208,946	36,338	25,608	23,276
1466,867	298,134	209,988	36,595	25,527	23,312
1467,868	300,085	211,049	36,744	25,375	23,131
1468,865	302,176	212,224	36,969	25,555	23,294
1469,866	304,488	213,626	37,365	25,554	23,258
1470,867	306,244	214,866	37,512	25,574	23,431
1471,867	308,010	216,006	37,790	25,570	23,236
1472,866	309,641	216,885	38,027	25,739	23,342
1473,867	311,477	217,833	38,246	25,720	23,214
1474,867	312,999	219,079	38,576	25,525	23,191
1475,867	314,649	219,787	38,821	25,816	23,404
1476,868	316,402	220,681	39,076	26,087	23,266
1477,868	318,282	221,871	39,242	26,138	23,474
1478,868	320,444	222,452	39,491	25,908	23,307
1479,867	321,782	223,459	39,713	25,982	23,285
1480,867	323,742	224,253	40,009	26,042	23,367
1481,867	326,080	225,205	40,339	26,050	23,345
1482,867	328,559	226,083	40,521	26,242	23,460
1483,868	330,437	226,775	40,807	26,132	23,233
1484,867	332,116	227,819	41,006	26,224	23,301
1485,867	333,906	228,688	41,253	26,267	23,494
1486,867	335,635	229,484	41,481	26,160	23,591
1487,867	337,665	230,386	41,739	26,329	23,675
1488,868	339,487	231,322	42,056	26,572	23,403
1489,868	341,189	232,020	42,298	26,288	23,648
1490,866	343,023	233,072	42,579	26,498	23,521
1491,867	344,280	233,953	42,785	26,569	23,662
1492,867	345,766	234,925	43,065	26,616	23,555
1493,867	347,420	235,916	43,366	26,641	23,526
1494,868	348,994	236,761	43,619	26,762	23,739
1495,867	350,642	237,946	43,907	26,664	23,763
1496,869	352,092	238,604	44,167	26,791	23,730
1497,869	354,038	239,670	44,475	26,827	23,876
1498,866	355,606	240,337	44,764	26,908	23,725
1499,867	357,502	241,356	44,959	26,907	24,016
1500,867	358,860	242,335	45,302	26,991	23,813
1501,868	360,315	243,074	45,414	26,788	23,644
1502,868	362,528	243,960	45,832	27,038	23,984
1503,867	364,010	244,909	46,102	27,069	23,933
1504,866	365,535	245,861	46,318	27,266	23,911
1505,867	366,928	246,865	46,614	27,084	23,848
1506,867	368,144	247,702	46,927	27,252	23,880
1507,868	369,674	248,220	47,123	27,365	23,870
1508,869	370,104	249,376	47,399	27,173	23,992
1509,867	370,712	249,972	47,761	27,513	23,906
1510,868	371,610	250,908	48,036	27,489	23,876
1511,867	373,129	251,674	48,236	27,409	23,890
1512,868	374,963	252,327	48,564	27,614	23,971
1513,868	376,735	253,681	48,825	27,306	23,866
1514,869	377,889	254,343	49,101	27,348	23,839
1515,868	378,854	255,260	49,370	27,606	23,978
1516,867	379,816	256,032	49,539	27,668	23,938
1517,868	381,220	257,031	49,913	27,549	24,111
1518,867	382,211	257,972	50,239	27,713	24,280
1519,867	384,177	258,654	50,426	27,708	23,974
1520,868	385,719	259,552	50,738	27,700	24,057
1521,868	386,745	260,135	51,069	27,755	24,216
1522,867	387,482	260,982	51,306	27,911	24,206
1523,868	387,934	261,872	51,567	28,047	23,982
1524,868	389,510	262,759	51,861	27,970	24,320
1525,868	391,335	263,566	52,212	27,956	24,190
1526,867	391,137	262,469	52,431	27,829	23,987
1527,868	386,067	256,418	52,480	27,492	23,949
1528,868	380,047	251,037	52,329	27,447	23,935
1529,866	374,406	246,199	52,273	27,391	24,004
1530,868	369,349	241,509	52,067	27,285	23,965
1531,868	364,208	237,194	52,020	27,299	24,030
1532,868	358,463	232,923	51,830	27,207	23,980
1533,865	353,234	228,963	51,790	27,152	24,019
1534,867	348,172	225,257	51,647	27,102	23,977
1535,868	343,333	221,739	51,625	27,013	23,961
1536,867	338,784	218,348	51,528	27,046	23,956
1537,866	334,492	215,176	51,464	26,960	23,968
1538,869	330,395	212,192	51,466	26,916	23,970
1539,866	326,625	209,366	51,440	26,954	23,991
1540,868	322,983	206,692	51,487	26,958	24,030
1541,869	319,421	204,098	51,452	26,885	23,981
1542,868	315,994	201,644	51,453	26,847	23,901
1543,867	312,665	199,350	51,498	26,886	23,933
1544,870	309,472	197,109	51,513	26,845	23,959
1545,866	306,447	195,008	51,629	26,834	24,010
1546,869	303,376	193,038	51,652	26,816	23,967
1547,867	300,603	191,127	51,673	26,804	23,999
1548,868	297,930	189,406	51,766	26,827	24,036
1549,868	295,286	187,629	51,769	26,734	23,919
1550,867	292,875	185,978	51,912	26,834	24,036
1551,867	290,412	184,399	51,991	26,774	23,980
1552,870	288,053	182,929	52,088	26,842	24,001
1553,869	285,695	181,443	52,174	26,800	23,961
1554,868	283,435	180,045	52,243	26,776	23,957
1555,869	281,200	178,731	52,391	26,809	24,023
1556,869	278,782	177,392	52,428	26,768	23,913
1557,869	276,673	176,167	52,527	26,834	23,969
1558,868	274,542	174,991	52,656	26,850	23,998
1559,868	272,461	173,748	52,742	26,830	23,984
1560,869	270,529	172,588	52,839	26,884	23,986
1561,869	268,659	171,424	52,952	26,851	24,020
1562,868	266,784	170,379	53,055	26,837	23,985
1563,868	265,094	169,320	53,140	26,848	23,951
1564,868	263,392	168,412	53,235	26,909	24,004
1565,868	261,713	167,484	53,372	26,910	23,975
1566,868	259,982	166,621	53,477	26,913	24,001
1567,867	258,298	165,766	53,678	26,970	24,001
1568,867	256,712	164,946	53,750	27,000	24,083
1569,867	255,063	163,968	53,852	26,952	23,975
1570,868	253,341	163,182	53,993	26,945	24,023
1571,870	251,906	162,426	54,138	27,052	24,059
1572,868	250,436	161,575	54,239	27,050	24,007
1573,868	248,914	160,836	54,326	27,062	24,037
1574,868	247,511	160,045	54,453	27,122	24,069
1575,866	245,980	159,274	54,516	27,089	24,022
1576,869	244,485	158,455	54,655	27,137	24,024
1577,868	243,058	157,734	54,765	27,205	24,044
1578,869	241,495	157,030	54,871	27,129	24,028
1579,866	240,122	156,400	55,009	27,241	24,089
1580,867	238,832	155,807	55,125	27,271	24,083
1581,868	237,507	155,069	55,166	27,279	24,042
1582,868	236,327	154,542	55,273	27,343	24,103
1583,868	234,991	153,806	55,390	27,298	24,001
1584,869	233,744	153,110	55,493	27,304	24,026
1585,870	232,474	152,450	55,628	27,391	24,080
1586,868	231,257	151,887	55,751	27,406	24,086
1587,869	229,875	151,220	55,828	27,373	24,056
1588,869	228,629	150,739	55,967	27,479	24,113
1589,869	227,325	150,147	56,032	27,491	24,054
1590,868	225,990	149,520	56,139	27,525	24,085
1591,868	224,718	148,995	56,262	27,618	24,138
1592,869	223,458	148,399	56,356	27,569	24,092
1593,868	222,149	147,901	56,464	27,643	24,136
1594,868	220,825	147,288	56,522	27,598	24,080
1595,869	219,525	146,760	56,690	27,709	24,141
1596,868	218,250	146,252	56,791	27,757	24,170
1597,869	216,950	145,591	56,835	27,807	24,190
1598,870	215,680	145,149	56,941	27,831	24,103
1599,869	214,483	144,601	56,955	27,886	24,207
1600,869	213,264	144,210	57,123	27,916	24,236
1601,869	212,073	143,695	57,215	27,898	24,221
1602,869	210,936	143,255	57,329	28,004	24,220
1603,870	209,783	142,828	57,391	28,001	24,219
1604,869	208,584	142,333	57,465	28,006	24,194
1605,869	207,550	141,849	57,574	28,090	24,238
1606,867	206,392	141,360	57,611	28,119	24,244
1607,870	205,330	140,907	57,719	28,216	24,321
1608,869	204,172	140,445	57,734	28,151	24,226
1609,868	203,077	140,019	57,889	28,248	24,334
1610,870	201,959	139,582	57,966	28,338	24,322
1611,868	200,827	139,155	58,092	28,361	24,357
1612,868	199,754	138,700	58,121	28,407	24,388
1613,868	198,742	138,255	58,192	28,401	24,317
1614,868	197,807	137,830	58,237	28,458	24,339
1615,869	196,781	137,482	58,388	28,518	24,381
1616,868	195,760	136,982	58,383	28,545	24,426
1617,868	194,791	136,547	58,464	28,512	24,405
1618,870	193,765	136,185	58,590	28,591	24,432
1619,868	192,701	135,707	58,666	28,695	24,454
1620,870	191,631	135,251	58,744	28,755	24,451
1621,868	190,713	134,935	58,814	28,787	24,501
1622,868	189,741	134,492	58,831	28,766	24,485
1623,868	188,809	134,079	58,878	28,843	24,520
1624,869	187,898	133,745	58,997	28,875	24,537
1625,869	186,868	133,240	59,033	28,944	24,514
1626,869	186,046	132,902	59,085	29,012	24,585
1627,869	185,057	132,486	59,136	28,984	24,557
1628,868	184,184	132,159	59,264	29,104	24,619
1629,869	183,313	131,851	59,351	29,129	24,640
1630,869	182,426	131,418	59,406	29,209	24,616
1631,869	181,506	131,006	59,375	29,235	24,640
1632,871	180,645	130,655	59,447	29,221	24,612
1633,870	179,739	130,317	59,490	29,268	24,688
1634,869	178,946	130,007	59,636	29,383	24,704
1635,870	178,112	129,567	59,667	29,346	24,688
1636,870	177,257	129,225	59,671	29,458	24,748
1637,870	176,423	128,886	59,781	29,485	24,755
1638,870	175,532	128,465	59,808	29,511	24,746
1639,870	174,783	128,057	59,822	29,577	24,746
1640,871	173,974	127,720	59,884	29,632	24,837
1641,870	173,103	127,286	59,874	29,610	24,750
1642,869	172,246	126,929	60,005	29,701	24,786
1643,870	171,402	126,605	60,037	29,749	24,842
1644,870	170,646	126,306	60,146	29,806	24,865
1645,870	169,769	125,924	60,081	29,836	24,862
1646,870	169,052	125,609	60,147	29,956	24,896
1647,871	168,233	125,322	60,213	29,957	24,933
1648,868	167,342	124,927	60,204	29,958	24,952
1649,869	166,537	124,584	60,236	29,985	24,927
1650,870	165,734	124,232	60,311	30,069	24,994
1651,869	164,894	123,914	60,283	30,080	24,958
1652,870	164,156	123,588	60,391	30,100	25,023
1653,869	163,464	123,329	60,445	30,202	25,059
1654,870	162,636	122,922	60,470	30,200	25,000
1655,870	161,967	122,617	60,512	30,295	25,014
1656,870	161,277	122,231	60,503	30,374	25,119
1657,871	160,602	121,923	60,585	30,372	25,132
1658,870	159,922	121,605	60,585	30,478	25,184
1659,869	159,191	121,306	60,649	30,521	25,199
1660,870	158,484	121,007	60,647	30,509	25,193
1661,870	157,831	120,681	60,749	30,551	25,237
1662,870	156,968	120,352	60,764	30,593	25,190
1663,870	156,265	119,975	60,788	30,642	25,260
1664,870	155,700	119,705	60,812	30,732	25,331
1665,871	155,071	119,383	60,801	30,731	25,350
1666,869	154,359	119,078	60,812	30,797	25,327
1667,870	153,684	118,791	60,857	30,807	25,329
1668,870	153,038	118,530	60,848	30,848	25,439
1669,871	152,387	118,268	60,889	30,875	25,416
1670,867	151,798	118,056	60,897	30,910	25,382
1671,871	151,196	117,777	60,890	30,952	25,424
1672,870	150,627	117,519	60,929	31,021	25,509
1673,870	150,046	117,340	60,904	31,039	25,515
1674,869	149,425	117,058	60,942	31,076	25,503
1675,871	148,843	116,854	60,954	31,086	25,546
1676,870	148,249	116,622	60,985	31,130	25,559
1677,870	147,717	116,303	60,940	31,161	25,540
1678,868	147,244	116,128	60,965	31,255	25,637
1679,870	146,768	115,987	61,016	31,304	25,685
1680,870	146,204	115,790	60,988	31,318	25,727
1681,869	145,711	115,559	61,009	31,303	25,722
1682,870	145,279	115,416	61,053	31,421	25,735
1683,871	144,734	115,156	61,057	31,427	25,775
1684,868	144,194	114,944	61,093	31,447	25,813
1685,871	143,835	114,809	61,120	31,557	25,875
1686,867	143,413	114,652	61,126	31,587	25,876
1687,870	142,889	114,405	61,109	31,611	25,891
1688,870	142,445	114,197	61,063	31,646	25,842
1689,870	142,023	114,006	61,073	31,678	25,864
1690,871	141,601	113,844	61,085	31,749	25,917
1691,870	141,190	113,707	61,103	31,812	25,959
1692,868	140,757	113,495	61,116	31,863	25,976
1693,871	140,307	113,344	61,099	31,946	25,955
1694,870	139,913	113,120	61,100	31,951	26,017
1695,870	139,497	113,015	61,106	32,070	26,081
1696,870	139,073	112,806	61,125	32,043	26,082
1697,869	138,654	112,635	61,122	32,103	26,055
1698,869	138,223	112,460	61,120	32,227	26,115
1699,870	137,830	112,320	61,115	32,240	26,063
1700,871	137,421	116,327	61,208	32,391	26,081
1701,870	137,311	139,075	65,333	33,139	26,122
1702,872	136,964	150,862	73,893	34,055	26,425
1703,870	136,781	154,862	83,341	34,449	26,422
1704,870	136,599	173,469	93,140	35,338	26,378
1705,871	136,435	178,862	102,394	36,105	26,430
1706,871	135,929	186,677	111,583	36,910	26,697
1707,872	135,763	197,819	120,121	37,178	26,380
1708,871	135,507	206,256	128,482	37,849	26,602
1709,869	135,529	213,634	136,454	38,279	26,928
1710,870	135,516	217,611	144,208	39,066	26,869
1711,870	135,351	228,805	151,582	39,593	26,911
1712,870	134,852	240,469	158,556	40,017	27,064
1713,871	134,765	248,324	165,320	40,377	27,073
1714,870	134,690	254,651	171,843	40,709	27,080
1715,871	134,588	262,085	177,975	41,366	27,344
1716,872	134,163	266,756	183,810	41,801	27,355
1717,870	134,199	272,744	189,589	42,015	27,488
1718,871	133,864	274,331	194,970	42,473	27,614
1719,869	133,668	277,102	199,986	42,997	27,528
1720,870	133,754	281,695	204,504	43,339	27,522
1721,871	133,225	280,368	209,480	43,836	27,709
1722,869	133,184	286,471	214,221	43,933	27,704
1723,869	133,124	288,798	218,449	44,354	27,847
1724,870	133,049	291,852	222,338	44,762	27,879
1725,872	132,816	294,072	224,936	45,088	28,047
1726,871	132,719	289,000	226,982	45,405	27,976
1727,871	132,616	294,989	229,999	45,729	28,189
1728,871	132,508	299,678	233,475	46,053	28,272
1729,870	132,501	303,894	238,023	46,354	28,396
1730,870	132,635	302,060	243,070	46,743	28,323
1731,871	132,650	298,926	246,166	47,096	28,396
1732,872	132,573	303,236	247,071	47,586	28,647
1733,871	132,557	306,405	247,791	48,014	28,695
1734,870	132,600	303,290	249,650	48,336	28,670
1735,871	132,691	312,568	252,721	48,740	28,928
1736,870	132,575	307,885	255,122	49,104	28,892
1737,870	132,531	317,529	256,221	49,384	28,976
1738,870	132,604	314,945	258,363	49,675	28,953
1739,871	132,755	314,386	260,852	50,075	29,175
1740,872	132,783	318,866	262,794	50,551	29,241
1741,871	132,817	319,214	266,609	50,781	29,438
1742,870	132,683	320,081	269,138	51,212	29,357
1743,871	132,963	319,775	270,743	51,575	29,448
1744,869	133,033	321,479	274,847	51,585	29,598
1745,870	133,189	321,649	277,943	52,139	29,530
1746,871	133,078	313,239	279,017	52,510	29,712
1747,871	133,399	324,520	281,359	52,963	29,899
1748,871	133,340	322,407	280,023	53,120	29,929
1749,870	133,463	326,215	279,309	53,750	30,016
1750,872	133,673	322,183	279,796	53,962	30,148
1751,871	133,974	327,318	286,395	54,429	30,241
1752,871	133,888	325,918	290,138	54,588	30,228
1753,871	134,147	331,674	289,934	55,069	30,427
1754,871	134,138	325,847	293,106	55,262	30,510
1755,871	134,635	323,960	300,951	55,746	30,556
1756,870	134,532	332,528	300,501	56,082	30,685
1757,871	134,794	330,681	297,127	56,524	30,728
1758,871	134,994	335,656	298,524	56,897	30,796
1759,871	135,053	335,015	299,567	57,094	30,852
1760,871	135,529	335,311	301,420	57,530	30,998
1761,871	135,573	337,768	301,926	57,850	31,145
1762,871	135,834	336,029	304,033	58,351	31,271
1763,871	136,268	336,442	304,379	58,583	31,451
1764,871	136,450	336,003	305,419	58,914	31,392
1765,870	136,632	336,391	302,693	59,461	31,615
1766,871	137,110	334,288	308,014	59,830	31,610
1767,871	137,172	340,905	307,304	60,055	31,725
1768,872	137,413	338,056	305,546	62,101	31,906
1769,869	137,762	344,158	306,536	62,116	31,869
1770,871	137,991	345,258	310,652	60,945	32,001
1771,871	138,251	343,129	307,024	61,431	32,238
1772,871	138,467	344,043	308,284	61,798	32,314
1773,871	138,844	344,831	311,334	62,219	32,376
1774,869	139,420	342,959	310,228	62,501	32,700
1775,870	139,380	344,532	310,052	62,923	32,637
1776,872	139,729	343,249	312,245	63,275	32,652
1777,871	139,994	344,150	312,148	63,576	32,794
1778,872	140,494	344,528	313,172	64,035	33,021
1779,870	140,951	345,353	313,448	64,414	33,112
1780,871	141,236	342,799	313,353	64,651	33,287
1781,871	141,716	345,558	313,053	64,961	33,296
1782,872	142,034	346,990	314,618	65,519	33,534
1783,872	142,261	343,675	314,608	65,647	33,636
1784,870	142,684	348,072	315,675	66,132	33,658
1785,870	143,137	352,875	316,372	66,517	33,986
1786,872	143,422	350,052	316,373	66,956	34,128
1787,872	143,912	350,912	317,705	67,317	34,235
1788,869	144,296	351,196	320,783	67,707	34,458
1789,871	144,586	353,076	323,590	68,054	34,333
1790,871	145,269	355,675	323,673	68,478	34,806
1791,871	145,444	353,666	324,512	68,802	34,634
1792,872	146,043	354,291	325,270	69,303	34,879
1793,871	146,498	357,828	326,168	69,445	34,978
1794,871	147,036	356,851	327,714	69,880	35,128
1795,871	147,386	357,203	328,323	70,355	35,266
1796,871	147,864	353,888	327,588	70,706	35,385
1797,872	148,373	357,681	328,700	71,325	35,631
1798,869	149,005	358,395	328,046	71,374	35,648
1799,872	149,356	348,770	326,382	71,961	35,849
1800,871	149,721	359,181	327,171	72,316	35,938
1801,872	150,272	355,501	329,664	72,605	36,196
1802,870	150,684	363,193	331,386	72,869	36,157
1803,870	151,221	359,981	329,059	73,245	36,272
1804,872	151,663	362,415	329,766	73,659	36,509
1805,872	152,182	357,692	328,486	74,100	36,541
1806,871	152,669	367,056	327,355	74,241	36,700
1807,870	153,448	363,777	328,768	74,831	36,977
1808,872	153,971	356,933	328,780	75,015	37,053
1809,873	154,152	365,920	332,041	75,330	37,211
1810,872	154,827	367,432	331,016	75,720	37,325
1811,871	155,497	357,647	333,872	76,213	37,703
1812,873	155,856	363,507	331,495	76,456	37,732
1813,872	156,343	363,557	332,745	76,758	37,713
1814,871	156,799	369,060	332,061	77,249	37,968
1815,872	157,134	365,603	334,736	77,540	38,029
1816,871	157,650	369,449	334,655	77,918	38,231
1817,870	158,358	368,924	333,675	78,269	38,376
1818,870	158,859	368,001	333,906	78,514	38,567
1819,869	159,186	368,764	333,754	78,824	38,730
1820,870	159,827	367,442	334,831	79,177	38,670
1821,872	160,193	367,334	335,258	79,555	38,965
1822,871	160,794	367,397	333,810	79,998	39,154
1823,872	161,443	372,526	334,454	80,385	39,302
1824,871	161,942	370,355	336,012	80,806	39,447
1825,870	162,370	373,426	340,179	81,117	39,682
1826,870	162,790	375,471	340,259	81,341	39,619
1827,869	163,441	373,575	340,956	81,707	39,849
1828,870	163,919	378,606	338,698	82,042	40,000
1829,871	164,516	373,281	339,933	82,459	40,258
1830,871	165,085	373,726	340,386	82,748	40,429
1831,870	165,412	376,241	341,095	83,179	40,563
1832,869	165,881	375,446	341,973	83,473	40,869
1833,872	166,420	377,974	343,036	83,917	41,024
1834,871	166,708	379,304	343,682	84,168	41,090
1835,871	167,294	377,863	344,298	84,599	41,330
1836,869	167,920	377,117	347,991	84,971	41,612
1837,869	168,334	378,489	350,373	85,323	41,539
1838,871	169,005	382,170	348,991	85,639	41,917
1839,870	169,582	374,470	348,614	85,907	42,044
1840,870	169,913	378,673	349,405	86,314	42,073
1841,871	170,596	379,080	346,940	86,582	42,206
1842,869	170,965	377,995	350,150	86,999	42,667
1843,870	171,391	380,749	352,323	87,344	42,735
1844,871	172,125	381,105	352,787	87,700	42,960
1845,869	172,625	380,009	357,865	87,869	43,289
1846,870	173,212	383,484	360,062	88,072	43,416
1847,870	173,666	385,323	361,630	88,503	43,642
1848,870	174,058	381,880	362,856	88,607	43,694
1849,871	174,623	381,669	362,867	89,096	43,959
1850,872	175,160	384,007	363,794	89,393	44,091
1851,873	175,389	388,069	364,285	89,794	44,310
1852,873	176,055	386,333	362,701	90,088	44,508
1853,872	176,386	385,229	363,117	90,391	44,554
1854,872	176,967	383,666	364,810	90,814	44,862
1855,872	177,342	384,458	363,410	91,185	45,035
1856,872	177,955	386,519	364,375	91,477	45,126
1857,872	178,351	387,813	364,747	91,733	45,399
1858,871	178,731	386,257	366,000	92,202	45,543
1859,870	179,218	387,538	366,886	92,571	45,785
1860,870	179,650	389,456	367,706	92,799	45,939
1861,872	179,985	391,382	365,977	93,255	46,268
1862,869	180,512	378,430	351,646	93,570	46,313
1863,870	180,987	366,498	338,168	93,700	46,424
1864,871	181,400	362,481	334,845	93,661	46,604
1865,873	181,762	358,313	331,250	93,558	46,759
1866,871	182,139	354,108	327,707	93,480	46,891
1867,872	182,435	349,887	323,994	93,333	47,012
1868,871	182,833	346,038	320,355	93,270	47,136
1869,872	183,091	341,832	316,772	93,231	47,310
1870,871	183,370	337,744	313,175	93,216	47,446
1871,872	183,651	333,816	309,637	93,162	47,509
1872,872	183,974	330,005	306,270	93,149	47,736
1873,871	184,162	326,240	302,857	93,057	47,861
1874,872	184,423	322,536	299,612	92,989	47,996
1875,873	184,672	319,056	296,503	92,952	48,173
1876,874	184,929	315,603	293,484	92,964	48,334
1877,873	185,195	312,366	290,538	92,996	48,553
1878,873	185,488	309,231	287,629	93,030	48,714
1879,872	185,603	306,053	284,851	93,029	48,818
1880,872	185,823	303,109	282,134	93,125	48,972
1881,872	185,990	300,277	279,484	93,141	49,074
1882,873	186,043	297,436	276,899	93,260	49,166
1883,871	186,178	294,733	274,391	93,300	49,324
1884,873	186,113	292,080	271,927	93,377	49,466
1885,872	186,156	289,547	269,582	93,344	49,613
1886,872	186,208	287,077	267,211	93,380	49,689
1887,874	186,250	284,651	265,073	93,508	49,843
1888,873	186,303	282,365	262,830	93,609	50,018
1889,872	186,328	280,102	260,658	93,705	50,134
1890,873	186,375	277,945	258,693	93,776	50,347
1891,873	186,346	275,792	256,602	93,880	50,436
1892,872	186,327	273,704	254,601	93,999	50,582
1893,872	186,347	271,712	252,666	94,165	50,752
1894,873	186,446	269,829	250,933	94,285	50,867
1895,873	186,377	267,872	249,072	94,329	50,950
1896,873	186,423	266,083	247,374	94,481	51,179
1897,872	186,365	264,277	245,628	94,571	51,276
1898,874	186,429	262,600	244,004	94,703	51,510
1899,871	186,371	260,959	242,399	94,835	51,641
1900,873	186,303	259,349	240,753	94,994	51,771
1901,873	186,256	257,670	239,217	95,190	51,921
1902,872	186,258	256,195	237,711	95,277	52,077
1903,873	186,183	254,711	236,194	95,331	52,152
1904,874	186,201	253,230	234,790	95,502	52,353
1905,873	186,109	251,842	233,375	95,612	52,520
1906,870	186,095	250,416	232,009	95,694	52,677
1907,870	186,088	249,078	230,638	95,832	52,834
1908,871	185,977	247,684	229,304	95,892	52,963
1909,871	185,915	246,371	227,972	95,963	53,135
1910,870	185,764	245,077	226,640	96,031	53,218
1911,873	185,678	243,816	225,342	96,066	53,421
1912,874	185,611	242,554	224,135	96,121	53,549
1913,872	185,600	241,368	222,963	96,137	53,711
1914,873	185,622	240,194	221,737	96,183	53,869
1915,872	185,560	239,000	220,573	96,272	54,027
1916,872	185,496	237,897	219,433	96,278	54,166
1917,873	185,410	236,647	218,281	96,356	54,336
1918,872	185,333	235,559	217,152	96,415	54,503
1919,873	185,235	234,504	216,031	96,503	54,660
1920,872	185,096	233,338	214,922	96,475	54,767
1921,874	184,997	232,320	213,881	96,533	54,921
1922,873	184,903	231,239	212,793	96,559	55,102
1923,873	184,900	230,240	211,792	96,616	55,315
1924,873	184,821	229,173	210,754	96,569	55,451
1925,872	184,803	228,237	209,780	96,628	55,634
1926,874	184,668	227,243	208,788	96,666	55,761
1927,871	184,514	226,235	207,809	96,696	55,884
1928,871	184,355	225,270	206,873	96,692	56,034
1929,874	184,226	224,358	205,957	96,739	56,207
1930,871	184,047	223,323	205,001	96,787	56,336
1931,873	183,889	222,407	204,111	96,865	56,486
1932,874	183,774	221,554	203,178	96,915	56,654
1933,873	183,634	220,600	202,343	96,921	56,790
1934,874	183,403	219,677	201,387	96,925	56,893
1935,873	183,348	218,851	200,491	96,996	57,066
1936,873	183,063	217,936	199,647	96,969	57,178
1937,872	182,922	217,026	198,784	96,999	57,355
1938,873	182,898	216,263	198,012	97,076	57,529
1939,874	182,737	215,390	197,138	97,032	57,639
1940,871	182,611	214,597	196,398	97,151	57,792
1941,872	182,479	213,799	195,599	97,179	57,968
1942,873	182,373	213,050	194,781	97,242	58,122
1943,873	182,206	212,239	194,014	97,232	58,204
1944,873	182,035	211,421	193,243	97,275	58,364
1945,872	181,928	210,703	192,563	97,337	58,516
1946,872	181,726	209,950	191,756	97,312	58,622
1947,873	181,597	209,080	190,941	97,277	58,677
1948,873	181,365	208,366	190,268	97,282	58,814
1949,872	181,164	207,644	189,499	97,281	58,953
1950,872	180,986	206,864	188,835	97,388	59,158
1951,874	180,867	206,202	188,085	97,324	59,218
1952,873	180,620	205,489	187,440	97,413	59,387
1953,873	180,453	204,773	186,672	97,336	59,513
1954,873	180,316	204,084	186,032	97,392	59,661
1955,875	180,146	203,383	185,317	97,364	59,775
1956,872	179,912	202,656	184,600	97,314	59,821
1957,873	179,775	202,009	183,953	97,404	60,068
1958,875	179,657	201,373	183,285	97,358	60,139
1959,873	179,474	200,652	182,583	97,290	60,230
1960,874	179,410	200,021	181,943	97,318	60,411
1961,874	179,275	199,368	181,258	97,319	60,585
1962,874	179,200	198,761	180,657	97,362	60,697
1963,873	179,044	198,103	180,005	97,370	60,842
1964,873	178,950	197,532	179,365	97,390	60,989
1965,873	178,728	196,868	178,733	97,307	61,102
1966,875	178,616	196,277	178,086	97,319	61,231
1967,874	178,450	195,683	177,493	97,333	61,411
1968,874	178,268	195,083	176,814	97,254	61,468
1969,873	178,215	194,500	176,286	97,342	61,646
1970,873	178,035	193,885	175,671	97,303	61,777
1971,874	177,873	193,317	175,029	97,269	61,886
1972,873	177,709	192,657	174,471	97,233	62,024
1973,873	177,580	192,108	173,858	97,246	62,156
1974,874	177,399	191,543	173,301	97,242	62,262
1975,872	177,216	190,995	172,670	97,205	62,362
1976,876	177,115	190,509	172,167	97,280	62,536
1977,874	176,913	189,951	171,592	97,236	62,650
1978,872	176,748	189,451	171,088	97,209	62,763
1979,875	176,659	188,899	170,564	97,279	62,922
1980,874	176,463	188,310	170,034	97,253	63,026
1981,871	176,279	187,811	169,456	97,148	63,145
1982,872	176,054	187,214	168,910	97,162	63,260
1983,875	175,873	186,714	168,334	97,099	63,375
1984,873	175,622	186,237	167,817	97,047	63,501
1985,874	175,414	185,689	167,256	96,977	63,607
1986,874	175,241	185,194	166,792	96,988	63,752
1987,874	175,072	184,672	166,281	96,941	63,825
1988,873	174,861	184,158	165,752	96,952	63,915
1989,872	174,686	183,636	165,244	96,877	64,043
1990,875	174,482	183,149	164,702	96,866	64,217
1991,875	174,265	182,566	164,219	96,804	64,202
1992,874	174,213	182,173	163,768	96,833	64,445
1993,875	174,097	181,656	163,216	96,805	64,492
1994,874	173,858	181,157	162,769	96,833	64,546
1995,875	173,713	180,701	162,274	96,783	64,695
1996,874	173,479	180,199	161,815	96,746	64,789
1997,874	173,221	179,748	161,308	96,698	64,897
1998,874	173,000	179,212	160,804	96,635	64,947
1999,874	172,847	178,780	160,346	96,676	65,049
2000,875	172,738	178,338	159,860	96,626	65,170
2001,874	172,546	177,849	159,380	96,566	65,278
2002,874	172,360	177,497	158,945	96,567	65,445
2003,875	172,109	176,901	158,380	96,567	65,423
2004,872	171,984	176,451	158,027	96,518	65,547
2005,874	171,805	176,057	157,550	96,542	65,649
2006,875	171,580	175,578	157,076	96,482	65,704
2007,874	171,392	175,149	156,688	96,449	65,820
2008,874	171,141	174,707	156,155	96,439	65,913
2009,873	170,986	174,278	155,828	96,392	66,044
2010,872	170,776	173,840	155,346	96,358	66,072
2011,875	170,619	173,373	154,962	96,314	66,161
2012,873	170,440	173,036	154,476	96,311	66,322
2013,874	170,288	172,549	154,114	96,303	66,400
2014,873	170,181	172,194	153,680	96,250	66,468
2015,874	169,989	171,762	153,232	96,213	66,497
2016,874	169,820	171,331	152,845	96,150	66,579
2017,874	169,662	170,923	152,393	96,142	66,692
2018,874	169,411	170,501	151,933	96,108	66,752
2019,874	169,262	170,049	151,589	96,103	66,867
2020,874	169,120	169,668	151,184	95,976	66,932
2021,874	168,849	169,313	150,757	95,971	67,010
2022,873	168,586	168,845	150,326	95,943	67,078
2023,874	168,425	168,492	149,953	95,912	67,179
2024,873	168,207	168,060	149,532	95,813	67,250
2025,873	167,956	167,692	149,143	95,793	67,309
2026,874	167,725	167,322	148,792	95,799	67,456
2027,875	167,586	166,979	148,400	95,752	67,564
2028,875	167,286	166,507	147,939	95,681	67,601
2029,874	167,105	166,141	147,593	95,628	67,697
2030,874	166,964	165,770	147,196	95,581	67,764
2031,874	166,748	165,398	146,812	95,560	67,814
2032,874	166,510	164,976	146,470	95,499	67,844
2033,874	166,326	164,621	146,088	95,518	67,916
2034,874	166,125	164,279	145,705	95,426	67,996
2035,873	165,914	163,844	145,288	95,326	68,093
2036,874	165,732	163,567	144,987	95,389	68,201
2037,874	165,519	163,183	144,620	95,364	68,288
2038,873	165,286	162,781	144,201	95,221	68,412
2039,874	164,996	162,395	143,827	95,195	68,365
2040,874	164,851	162,073	143,487	95,189	68,496
2041,876	164,661	161,657	143,087	95,086	68,510
2042,873	164,374	161,298	142,731	95,041	68,607
2043,874	164,260	160,979	142,430	95,033	68,689
2044,874	164,032	160,631	142,081	94,972	68,786
2045,875	163,800	160,270	141,662	94,932	68,836
2046,874	163,643	159,868	141,346	94,862	68,908
2047,873	163,493	159,486	140,973	94,814	68,997
2048,874	163,251	159,195	140,590	94,741	68,983
2049,874	163,058	158,886	140,345	94,749	69,117
2050,874	162,884	158,557	140,056	94,669	69,169
2051,874	162,642	158,110	139,614	94,622	69,177
2052,875	162,470	157,775	139,292	94,615	69,311
2053,873	162,264	157,452	138,893	94,454	69,304
2054,875	162,082	157,153	138,609	94,447	69,412
2055,874	161,879	156,828	138,292	94,388	69,511
2056,874	161,665	156,478	137,980	94,370	69,517
2057,873	161,458	156,149	137,631	94,311	69,569
2058,874	161,267	155,794	137,318	94,213	69,627
2059,875	161,007	155,435	136,969	94,210	69,640
2060,873	160,749	155,099	136,656	94,082	69,709
2061,874	160,475	154,839	136,297	94,012	69,815
2062,873	160,299	154,507	135,973	93,952	69,824
2063,874	160,101	154,143	135,681	93,929	69,919
2064,874	159,831	153,798	135,317	93,809	69,982
2065,874	159,620	153,499	135,059	93,753	70,035
2066,873	159,451	153,229	134,781	93,736	70,114
2067,874	159,225	152,894	134,382	93,661	70,157
2068,875	158,908	152,513	134,085	93,535	70,172
2069,874	158,773	152,230	133,826	93,580	70,254
2070,874	158,566	151,903	133,518	93,481	70,329
2071,873	158,435	151,626	133,213	93,450	70,411
2072,875	158,150	151,263	132,854	93,322	70,408
2073,873	158,017	150,973	132,518	93,297	70,456
2074,873	157,790	150,717	132,243	93,268	70,548
2075,874	157,589	150,439	131,881	93,133	70,497
2076,873	157,415	150,151	131,575	93,082	70,545
2077,874	157,313	149,945	131,264	92,994	70,636
2078,875	157,142	149,684	130,945	92,906	70,642
2079,873	156,912	149,387	130,606	92,771	70,704
2080,873	156,824	149,266	130,359	92,751	70,749
2081,874	156,550	149,022	130,067	92,616	70,767
2082,875	156,361	148,851	129,788	92,521	70,869
2083,872	156,078	148,600	129,506	92,404	70,840
2084,875	155,915	148,461	129,301	92,354	70,904
2085,873	155,714	148,228	129,057	92,271	70,900
2086,873	155,522	148,068	128,787	92,212	70,968
2087,873	155,314	147,849	128,504	92,082	70,967
2088,872	155,076	147,720	128,248	92,041	71,025
2089,874	154,893	147,612	128,069	91,975	71,056
2090,873	154,745	147,447	127,827	91,875	71,005
2091,873	154,538	147,282	127,580	91,804	71,020
2092,873	154,375	147,134	127,410	91,733	71,088
2093,874	154,120	146,956	127,157	91,655	71,040
2094,873	153,941	146,796	126,982	91,540	71,024
2095,871	153,744	146,623	126,790	91,560	71,043
2096,873	153,519	146,501	126,582	91,468	71,019
2097,873	153,303	146,256	126,351	91,329	71,028
2098,871	153,094	146,058	126,112	91,216	71,089
2099,874	152,805	145,859	125,865	91,140	71,052
2100,874	152,671	145,750	125,757	91,066	71,142
2101,873	152,409	150,103	160,728	110,620	71,442
2102,873	152,316	151,294	170,736	112,787	71,793
2103,874	152,001	151,841	184,265	123,970	72,055
2104,873	151,818	153,503	196,086	120,639	72,281
2105,873	151,718	153,375	206,056	129,380	72,526
2106,873	151,453	153,221	220,360	138,823	72,885
2107,873	151,461	152,972	231,702	146,076	73,255
2108,871	151,243	153,234	242,982	153,716	73,486
2109,873	151,047	153,072	255,967	161,420	73,720
2110,871	150,784	152,345	263,395	168,639	74,016
2111,873	150,712	151,560	272,845	176,809	74,627
2112,873	150,536	151,348	286,523	172,650	74,718
2113,873	150,467	150,458	288,584	162,068	75,341
2114,873	150,029	150,672	291,737	167,357	75,926
2115,874	149,688	150,907	298,898	172,565	75,943
2116,873	149,468	150,924	303,101	177,416	76,515
2117,872	149,675	151,326	306,489	182,306	76,887
2118,874	149,530	151,389	311,030	186,836	77,475
2119,874	149,237	151,686	314,209	190,768	77,951
2120,872	149,090	151,660	318,566	194,697	78,572
2121,874	148,901	151,882	321,996	198,373	78,820
2122,874	148,692	152,011	327,923	202,071	79,100
2123,874	148,532	152,120	331,801	205,675	79,948
2124,874	148,230	152,324	334,428	209,089	80,619
2125,871	148,200	152,423	338,226	212,322	81,006
2126,873	147,996	152,486	342,562	215,524	81,137
2127,873	147,586	154,212	350,047	238,881	80,503
2128,875	147,442	154,443	352,142	245,455	81,013
2129,873	147,125	154,337	357,095	248,060	81,416
2130,871	147,111	155,014	355,998	249,376	82,008
2131,873	146,897	155,372	359,640	257,399	82,396
2132,875	146,759	155,736	359,802	256,211	82,797
2133,875	146,665	155,940	358,713	258,365	83,458
2134,873	146,546	156,591	359,677	256,478	84,063
2135,873	146,253	156,076	364,354	262,733	84,529
2136,873	146,099	155,549	365,823	264,165	84,893
2137,874	145,865	155,743	366,825	271,465	85,651
2138,874	145,697	156,495	367,951	269,538	85,863
2139,872	145,604	157,758	369,710	268,854	86,425
2140,872	145,274	158,568	374,268	272,770	86,982
2141,874	145,187	158,265	374,846	274,511	87,412
2142,873	144,985	157,817	375,564	276,890	87,824
2143,872	144,458	159,046	378,192	271,442	88,345
2144,872	144,586	159,253	381,462	275,677	89,084
2145,871	144,349	158,395	381,171	277,290	89,532
2146,874	144,082	156,828	380,161	280,870	90,049
2147,873	144,203	159,596	384,481	283,362	90,678
2148,873	143,865	160,141	386,672	279,247	91,174
2149,872	143,719	161,683	392,324	279,531	91,521
2150,873	143,397	158,780	388,643	285,678	92,143
2151,873	143,403	156,510	368,125	268,314	92,605
2152,870	143,129	155,067	359,117	263,440	92,895
2153,872	142,922	154,668	352,758	260,725	93,157
2154,874	142,728	154,266	346,383	257,546	93,462
2155,873	142,515	153,899	339,991	254,175	93,703
2156,874	142,298	153,578	333,747	250,751	93,943
2157,872	142,151	153,272	327,639	247,410	94,214
2158,873	141,990	152,991	321,776	244,022	94,457
2159,874	141,783	152,679	316,123	240,819	94,719
2160,874	141,585	152,437	310,780	237,700	95,026
2161,871	141,457	152,185	305,603	234,638	95,266
2162,871	141,173	151,900	300,653	231,634	95,462
2163,874	141,121	151,730	296,040	228,907	95,787
2164,873	140,930	151,558	291,538	226,203	95,977
2165,874	140,699	151,305	287,209	223,617	96,202
2166,874	140,592	151,130	283,054	221,111	96,446
2167,873	140,432	150,966	279,085	218,643	96,728
2168,873	140,264	150,790	275,249	216,473	97,076
2169,873	140,091	150,623	271,616	214,244	97,368
2170,873	139,928	150,461	268,026	212,015	97,586
2171,873	139,789	150,351	264,699	209,909	97,834
2172,873	139,669	150,192	261,427	207,911	98,070
2173,873	139,505	150,109	258,327	205,940	98,271
2174,873	139,351	150,036	255,411	204,089	98,542
2175,872	139,153	149,917	252,552	202,145	98,640
2176,873	138,926	149,744	249,791	200,280	98,766
2177,874	138,753	149,634	247,141	198,548	98,975
2178,874	138,605	149,629	244,662	196,838	99,126
2179,873	138,412	149,397	242,106	195,213	99,219
2180,874	138,241	149,377	239,766	193,566	99,408
2181,873	138,061	149,205	237,439	191,913	99,437
2182,874	137,954	149,167	235,274	190,387	99,634
2183,872	137,850	149,059	233,120	188,833	99,704
2184,873	137,704	148,964	231,007	187,318	99,818
2185,872	137,610	148,944	229,026	185,927	99,972
2186,874	137,390	148,866	227,099	184,569	100,062
2187,872	137,160	148,675	225,089	183,158	100,160
2188,874	137,037	148,661	223,317	181,963	100,325
2189,872	136,947	148,631	221,516	180,625	100,479
2190,872	136,881	148,563	219,853	179,456	100,692
2191,871	136,599	148,418	218,033	178,193	100,733
2192,874	136,538	148,334	216,454	177,027	100,917
2193,873	136,345	148,313	214,808	175,904	101,011
2194,873	136,291	148,217	213,270	174,759	101,152
2195,874	136,077	148,081	211,718	173,663	101,216
2196,873	135,966	148,030	210,234	172,604	101,387
2197,874	135,881	148,008	208,853	171,591	101,537
2198,873	135,733	147,896	207,348	170,563	101,609
2199,873	135,595	147,847	206,020	169,583	101,763
2200,874	135,476	147,766	204,585	168,639	101,843
2201,874	135,327	147,691	203,269	167,629	101,970
2202,873	135,221	147,654	201,997	166,765	102,103
2203,873	135,070	147,595	200,715	165,878	102,226
2204,874	134,895	147,510	199,462	164,923	102,298
2205,873	134,806	147,399	198,275	164,045	102,415
2206,874	134,700	147,367	197,156	163,200	102,581
2207,872	134,549	147,295	195,908	162,334	102,648
2208,872	134,429	147,207	194,802	161,494	102,768
2209,873	134,265	147,161	193,634	160,746	102,823
2210,874	134,102	147,077	192,542	159,908	102,937
2211,874	134,043	147,014	191,550	159,144	103,066
2212,873	133,920	146,986	190,473	158,451	103,156
2213,873	133,777	146,882	189,416	157,716	103,262
2214,874	133,709	146,805	188,480	156,976	103,396
2215,873	133,591	146,748	187,466	156,333	103,517
2216,874	133,435	146,650	186,492	155,560	103,540
2217,874	133,287	146,589	185,542	154,830	103,572
2218,871	133,098	146,491	184,621	154,170	103,708
2219,873	133,018	146,445	183,676	153,539	103,829
2220,873	132,850	146,333	182,757	152,823	103,843
2221,873	132,776	146,277	181,884	152,182	103,906
2222,874	132,640	146,172	180,983	151,605	103,992
2223,873	132,614	146,107	180,127	150,980	104,074
2224,873	132,443	146,041	179,334	150,384	104,140
2225,874	132,328	145,948	178,510	149,726	104,201
2226,875	132,220	145,914	177,713	149,169	104,302
2227,872	132,087	145,811	176,872	148,565	104,298
2228,873	132,024	145,736	176,132	148,043	104,430
2229,872	131,915	145,621	175,330	147,415	104,463
2230,872	131,791	145,572	174,546	146,859	104,531
2231,870	131,694	145,487	173,824	146,262	104,603
2232,871	131,596	145,400	173,066	145,793	104,608
2233,872	131,447	145,265	172,352	145,220	104,692
2234,872	131,368	145,207	171,643	144,699	104,718
2235,872	131,273	145,103	170,949	144,176	104,742
2236,874	131,098	145,030	170,189	143,639	104,804
2237,873	131,027	144,934	169,542	143,116	104,834
2238,872	130,962	144,895	168,971	142,659	104,915
2239,874	130,729	144,757	168,283	142,090	104,930
2240,873	130,576	144,634	167,586	141,594	104,928
2241,873	130,492	144,563	166,982	141,133	105,031
2242,873	130,373	144,472	166,371	140,637	105,039
2243,873	130,256	144,360	165,698	140,170	105,021
2244,872	130,171	144,222	165,065	139,697	105,053
2245,872	130,050	144,152	164,484	139,246	105,058
2246,872	129,920	144,050	163,897	138,830	105,147
2247,872	129,821	143,989	163,333	138,387	105,132
2248,872	129,743	143,894	162,704	137,942	105,135
2249,873	129,614	143,810	162,084	137,529	105,154
2250,872	129,589	143,716	161,562	137,148	105,209
2251,872	129,438	143,564	160,934	136,668	105,160
2252,872	129,380	143,486	160,444	136,267	105,154
2253,872	129,299	143,407	159,869	135,850	105,178
2254,873	129,163	143,264	159,274	135,409	105,142
2255,874	129,096	143,155	158,747	135,026	105,079
2256,870	128,962	143,023	158,225	134,657	105,082
2257,871	128,860	142,897	157,682	134,245	105,071
2258,872	128,796	142,864	157,196	133,864	105,111
2259,872	128,662	142,735	156,673	133,477	105,135
2260,872	128,585	142,576	156,109	133,062	105,110
2261,872	128,498	142,542	155,589	132,680	105,141
2262,872	128,442	142,399	155,052	132,251	105,109
2263,872	128,393	142,314	154,623	131,894	105,100
2264,872	128,275	142,206	154,128	131,524	105,005
2265,872	128,211	142,154	153,683	131,116	104,953
2266,873	128,058	142,042	153,205	130,747	104,988
2267,872	127,998	141,975	152,783	130,404	104,950
2268,872	127,978	141,886	152,384	130,091	104,945
2269,872	127,912	141,807	151,956	129,710	104,848
2270,872	127,818	141,715	151,535	129,337	104,794
2271,871	127,764	141,623	151,124	129,011	104,835
2272,871	127,700	141,548	150,784	128,669	104,791
2273,873	127,586	141,373	150,354	128,313	104,759
2274,872	127,540	141,359	150,086	127,984	104,720
2275,872	127,405	141,191	149,684	127,634	104,618
2276,871	127,390	141,137	149,391	127,346	104,642
2277,872	127,265	140,985	149,028	126,969	104,462
2278,870	127,299	140,933	148,771	126,732	104,497
2279,874	127,123	140,797	148,422	126,413	104,341
2280,872	127,120	140,752	148,206	126,245	104,383
2281,872	127,010	140,586	147,895	125,947	104,311
2282,870	126,934	140,505	147,613	125,724	104,274
2283,872	126,823	140,392	147,325	125,460	104,163
2284,872	126,760	140,339	147,093	125,213	104,104
2285,873	126,691	140,237	146,807	124,981	104,021
2286,871	126,565	140,079	146,521	124,705	103,891
2287,870	126,491	139,937	146,234	124,459	103,883
2288,872	126,354	139,861	146,079	124,230	103,795
2289,873	126,173	139,731	145,781	123,920	103,715
2290,871	126,082	139,625	145,517	123,755	103,612
2291,871	125,996	139,487	145,216	123,471	103,563
2292,872	125,938	139,486	145,102	123,368	103,479
2293,872	125,886	139,313	144,841	123,078	103,415
2294,871	125,799	139,169	144,622	122,899	103,310
2295,872	125,762	139,123	144,379	122,733	103,223
2296,872	125,682	138,951	144,148	122,466	103,126
2297,871	125,593	138,895	143,903	122,218	103,028
2298,873	125,553	138,797	143,672	122,048	102,981
2299,872	125,424	138,572	143,408	121,782	102,790
2300,873	125,403	138,580	143,271	121,584	102,762
2301,871	125,231	138,438	143,025	121,360	102,547
2302,871	125,202	138,328	142,798	121,123	102,493
2303,873	125,101	138,242	142,581	120,916	102,418
2304,872	124,965	138,146	142,420	120,712	102,301
2305,872	124,919	138,056	142,292	120,587	102,273
2306,871	124,690	137,850	142,038	120,285	102,104
2307,872	124,574	137,746	141,831	120,074	102,006
2308,872	124,454	137,611	141,677	119,876	101,928
2309,871	124,326	137,473	141,459	119,656	101,893
2310,873	124,193	137,276	141,230	119,434	101,725
2311,871	124,161	137,209	141,062	119,255	101,650
2312,873	123,941	137,017	140,799	118,972	101,498
2313,873	123,878	136,820	140,654	118,794	101,390
2314,874	123,788	136,639	140,420	118,574	101,290
2315,872	123,793	136,532	140,260	118,386	101,222
2316,869	123,670	136,473	140,123	118,242	101,160
2317,873	123,582	136,353	139,915	118,002	101,007
2318,873	123,511	136,131	139,687	117,785	100,874
2319,874	123,386	136,000	139,508	117,648	100,682
2320,872	123,300	135,909	139,317	117,393	100,654
2321,871	123,183	135,738	139,147	117,196	100,506
2322,873	123,066	135,594	138,953	116,967	100,305
2323,872	122,950	135,472	138,776	116,780	100,155
2324,872	122,878	135,483	139,271	127,807	127,570
2325,873	122,849	135,466	140,216	146,164	129,042
2326,872	122,706	135,634	140,744	165,203	146,210
2327,872	122,502	135,634	140,979	181,433	150,513
2328,874	122,531	135,600	141,492	197,077	155,940
2329,872	122,343	135,532	141,924	210,035	161,202
2330,872	122,254	135,559	142,245	224,057	168,410
2331,873	122,314	135,386	142,785	236,971	173,058
2332,874	122,164	135,602	142,791	247,212	176,783
2333,874	122,262	135,165	143,354	256,682	188,839
2334,873	121,883	135,372	143,868	264,762	189,052
2335,873	122,157	135,399	144,061	270,885	201,194
2336,872	121,822	135,345	144,421	279,676	202,974
2337,872	121,854	135,155	144,572	286,834	205,698
2338,872	121,872	135,456	144,643	295,507	206,750
2339,873	121,792	135,136	144,901	298,869	213,414
2340,874	121,671	134,819	144,932	302,222	218,848
2341,872	121,507	134,965	145,086	303,016	217,532
2342,873	121,517	134,828	145,223	308,915	222,999
2343,873	121,531	134,586	145,509	313,013	228,025
2344,874	121,349	134,497	145,447	315,065	235,423
2345,874	121,529	134,696	145,645	315,601	236,623
2346,874	121,299	134,363	145,747	316,567	239,083
2347,873	121,316	134,581	146,095	319,635	242,451
2348,873	121,334	134,441	146,115	325,197	242,058
2349,874	121,158	134,542	146,260	326,206	247,408
2350,875	121,142	134,225	146,410	330,900	248,146
2351,873	121,117	134,154	146,635	330,558	253,791
2352,871	120,822	134,037	146,432	330,131	252,389
2353,874	120,905	133,879	146,575	333,056	249,497
2354,873	120,845	133,843	146,659	337,211	258,751
2355,873	120,683	133,749	146,783	336,461	259,022
2356,874	120,614	133,842	147,154	337,674	260,916
2357,873	120,578	133,541	147,147	340,774	257,116
2358,873	120,748	133,482	147,410	343,545	260,020
2359,874	120,553	133,538	147,442	346,967	264,444
2360,873	120,464	133,242	147,543	347,558	267,480
2361,873	120,245	133,328	147,604	347,450	268,777
2362,872	120,270	133,061	147,692	346,040	272,424
2363,874	120,236	132,889	147,864	349,289	274,911
2364,874	120,237	133,111	147,840	352,768	271,296
2365,877	120,205	132,816	148,165	354,302	280,577
2366,873	120,236	132,595	148,395	356,208	279,798
2367,874	120,153	132,679	148,360	356,880	276,383
2368,873	120,141	132,579	148,502	356,842	284,637
2369,874	119,749	132,448	148,568	357,612	285,009
2370,874	119,870	132,384	148,768	360,535	283,919
2371,873	120,032	132,163	148,874	361,082	281,687
2372,873	119,834	132,423	148,988	360,988	288,693
2373,873	119,781	131,976	149,134	363,057	289,485
2374,873	119,697	131,603	149,099	364,265	290,060
2375,875	119,532	132,085	149,114	363,696	291,610
2376,874	119,682	131,792	149,413	363,981	291,904
2377,874	119,579	131,546	149,597	364,515	294,398
2378,873	119,338	131,670	149,560	366,935	294,358
2379,872	119,358	131,477	149,550	370,998	297,883
2380,874	119,189	131,497	149,880	372,059	300,596
2381,873	119,290	131,344	150,020	370,023	301,021
2382,874	119,231	131,135	150,269	369,916	304,327
2383,873	119,030	131,231	150,372	373,183	303,602
2384,873	119,092	131,165	150,413	376,484	306,843
2385,873	118,902	130,830	150,554	377,095	307,320
2386,873	119,038	130,657	150,798	376,714	302,823
2387,873	118,876	131,048	150,861	376,901	308,437
2388,873	119,033	130,704	150,961	377,022	313,101
2389,874	118,634	130,648	151,055	376,231	308,047
2390,874	118,629	130,608	151,456	376,899	313,441
2391,872	118,566	130,278	151,478	377,871	307,145
2392,872	118,577	130,482	151,341	378,692	311,717
2393,875	118,636	130,418	151,865	380,688	317,806
2394,874	118,310	130,343	151,715	381,315	312,875
2395,873	118,555	130,282	151,877	383,622	314,871
2396,875	118,490	130,091	152,146	384,597	314,887
2397,874	118,389	129,832	152,149	387,654	322,022
2398,873	118,348	129,955	152,280	386,258	321,028
2399,875	118,205	129,605	152,310	386,808	319,676
2400,874	118,082	129,599	152,527	386,868	324,031
2401,874	118,076	129,512	152,597	386,735	321,615
2402,873	117,979	129,380	152,833	388,530	323,134
2403,875	117,964	129,486	152,703	390,426	328,699
2404,873	117,977	129,275	152,967	388,972	330,854
2405,879	117,895	129,154	153,289	389,403	329,944
2406,874	117,873	129,028	153,109	389,323	326,691
2407,873	117,638	128,875	153,333	389,651	331,987
2408,873	117,595	128,812	153,443	391,711	332,788
2409,873	117,583	128,854	153,643	391,672	337,929
2410,874	117,598	128,725	153,777	391,478	336,505
2411,875	117,543	128,782	153,978	393,999	339,031
2412,872	117,457	128,428	153,941	392,802	337,485
2413,871	117,409	128,419	154,406	392,511	340,335
2414,873	117,125	128,174	154,049	392,172	330,453
2415,875	117,131	128,010	153,603	384,148	317,071
2416,873	117,150	127,864	153,211	375,144	315,932
2417,873	116,956	127,672	152,701	366,698	314,025
2418,874	116,903	127,557	152,438	358,818	311,813
2419,874	116,824	127,432	152,133	351,442	309,261
2420,874	116,751	127,292	151,843	344,596	306,623
2421,873	116,645	127,092	151,496	337,894	303,767
2422,874	116,583	126,964	151,294	331,687	300,958
2423,873	116,522	126,878	151,110	325,878	298,213
2424,873	116,449	126,631	150,862	320,338	295,423
2425,875	116,298	126,541	150,678	315,123	292,710
2426,874	116,248	126,383	150,468	310,186	290,192
2427,875	116,206	126,198	150,313	305,489	287,740
2428,875	116,095	126,116	150,151	301,018	285,349
2429,874	115,965	126,044	150,013	296,772	282,949
2430,874	115,924	125,845	149,794	292,755	280,814
2431,874	115,835	125,721	149,662	288,847	278,655
2432,874	115,735	125,620	149,577	285,050	276,587
2433,874	115,611	125,477	149,421	281,399	274,481
2434,874	115,558	125,354	149,329	278,067	272,529
2435,874	115,498	125,260	149,236	274,749	270,471
2436,874	115,411	125,101	149,096	271,532	268,489
2437,874	115,222	124,981	148,971	268,420	266,568
2438,874	115,086	124,827	148,873	265,429	264,692
2439,874	114,942	124,723	148,827	262,600	262,839
2440,874	114,878	124,619	148,689	259,890	261,048
2441,875	114,854	124,586	148,681	257,237	259,325
2442,874	114,714	124,415	148,608	254,730	257,492
2443,874	114,636	124,295	148,510	252,293	255,732
2444,874	114,493	124,167	148,415	250,010	253,938
2445,873	114,498	124,070	148,421	247,832	252,242
2446,875	114,387	123,931	148,306	245,677	250,618
2447,875	114,300	123,850	148,190	243,588	248,926
2448,875	114,170	123,698	148,138	241,528	247,287
2449,874	114,101	123,585	148,072	239,576	245,759
2450,876	113,974	123,494	148,012	237,665	244,199
2451,876	113,888	123,415	147,961	235,898	242,688
2452,874	113,802	123,204	147,897	234,052	241,117
2453,874	113,691	123,166	147,860	232,368	239,665
2454,875	113,664	123,044	147,789	230,797	238,191
2455,875	113,504	122,904	147,684	229,233	236,782
2456,875	113,418	122,805	147,640	227,629	235,405
2457,874	113,383	122,690	147,559	226,070	233,957
2458,875	113,278	122,541	147,515	224,497	232,595
2459,874	113,227	122,503	147,439	223,069	231,283
2460,875	113,121	122,337	147,293	221,530	229,918
2461,873	113,003	122,250	147,222	220,074	228,589
2462,872	112,916	122,150	147,177	218,698	227,307
2463,875	112,868	122,004	147,102	217,285	226,031
2464,875	112,768	121,965	146,936	215,914	224,824
2465,874	112,698	121,883	146,889	214,587	223,660
2466,874	112,607	121,792	146,755	213,277	222,475
2467,876	112,489	121,701	146,633	211,979	221,295
2468,876	112,289	121,625	146,519	210,694	220,100
2469,875	112,249	121,498	146,362	209,434	219,022
2470,876	112,147	121,388	146,216	208,192	217,935
2471,873	112,040	121,349	146,223	206,991	216,874
2472,875	111,962	121,239	146,037	205,854	215,764
2473,875	111,853	121,200	145,975	204,636	214,670
2474,876	111,789	121,071	145,757	203,440	213,622
2475,875	111,707	121,032	145,756	202,371	212,697
2476,873	111,683	120,932	145,641	201,299	211,637
2477,874	111,578	120,827	145,515	200,218	210,655
2478,875	111,475	120,741	145,445	199,181	209,643
2479,876	111,331	120,696	145,325	198,111	208,546
2480,876	111,251	120,572	145,151	197,085	207,525
2481,872	111,141	120,477	145,091	196,124	206,495
2482,876	111,105	120,404	145,014	195,170	205,555
2483,875	110,992	120,325	144,857	194,232	204,552
2484,875	110,950	120,258	144,721	193,287	203,573
2485,875	110,858	120,126	144,586	192,253	202,692
2486,874	110,756	120,084	144,528	191,369	201,719
2487,874	110,645	119,952	144,413	190,488	200,829
2488,875	110,579	119,980	144,356	189,636	200,004
2489,875	110,488	119,814	144,212	188,678	199,034
2490,875	110,423	119,709	144,125	187,866	198,180
2491,872	110,325	119,634	143,935	186,976	197,268
2492,876	110,206	119,553	143,844	186,174	196,355
2493,876	110,127	119,496	143,720	185,299	195,496
2494,873	110,053	119,377	143,645	184,499	194,587
2495,874	109,945	119,395	143,572	183,740	193,749
2496,875	109,850	119,270	143,421	182,979	192,832
2497,876	109,723	119,211	143,267	182,156	192,045
2498,876	109,644	119,144	143,136	181,391	191,144
2499,874	109,613	119,078	143,021	180,675	190,438
2500,875	109,475	118,982	142,878	179,914	189,533
2501,874	109,441	118,906	142,706	179,163	188,710
2502,876	109,310	118,790	142,667	178,458	188,006
2503,876	109,244	118,748	142,508	177,715	187,122
2504,874	109,144	118,700	142,395	176,986	186,365
2505,875	109,077	118,606	142,275	176,321	185,551
2506,875	109,010	118,485	142,138	175,617	184,820
2507,875	108,957	118,526	142,025	174,954	184,033
2508,875	108,771	118,329	141,857	174,213	183,189
2509,875	108,715	118,298	141,728	173,556	182,458
2510,875	108,665	118,232	141,589	172,907	181,688
2511,875	108,632	118,176	141,551	172,356	181,020
2512,875	108,482	118,072	141,320	171,663	180,230
2513,875	108,392	117,967	141,158	170,984	179,468
2514,875	108,322	117,945	141,101	170,380	178,738
2515,876	108,249	117,891	141,002	169,831	178,012
2516,876	108,145	117,833	140,792	169,201	177,328
2517,876	108,095	117,726	140,698	168,619	176,596
2518,874	108,040	117,697	140,590	168,081	175,898
2519,875	108,018	117,634	140,480	167,492	175,189
2520,873	107,806	117,533	140,300	166,866	174,411
2521,875	107,757	117,481	140,170	166,279	173,768
2522,875	107,717	117,395	140,067	165,722	173,048
2523,876	107,600	117,352	139,896	165,134	172,409
2524,876	107,510	117,292	139,737	164,548	171,729
2525,876	107,461	117,179	139,599	163,988	171,002
2526,875	107,382	117,123	139,488	163,466	170,382
2527,873	107,317	116,987	139,305	162,875	169,706
2528,875	107,237	117,071	139,270	162,365	169,088
2529,875	107,158	116,937	139,106	161,822	168,383
2530,875	107,107	116,867	138,889	161,265	167,724
2531,876	106,995	116,742	138,731	160,756	167,085
2532,875	107,003	116,698	138,588	160,252	166,437
2533,875	106,879	116,606	138,462	159,700	165,784
2534,874	106,810	116,532	138,347	159,198	165,150
2535,874	106,669	116,486	138,164	158,706	164,499
2536,875	106,656	116,407	138,048	158,162	163,936
2537,876	106,538	116,335	137,848	157,708	163,253
2538,875	106,439	116,228	137,740	157,145	162,677
2539,876	106,358	116,239	137,677	156,708	162,091
2540,875	106,237	116,141	137,511	156,176	161,414
2541,875	106,244	116,100	137,317	155,758	160,894
2542,874	106,126	115,980	137,128	155,222	160,279
2543,875	106,053	115,933	137,001	154,715	159,694
2544,876	106,017	115,869	136,888	154,252	159,121
2545,874	105,893	115,807	136,677	153,739	158,508
2546,875	105,826	115,742	136,613	153,306	157,953
2547,875	105,756	115,641	136,396	152,772	157,348
2548,875	105,706	115,590	136,237	152,317	156,781
2549,876	105,645	115,545	136,127	151,867	156,199
2550,875	105,583	115,458	135,979	151,373	155,614
2551,875	105,485	115,356	135,832	150,925	155,103
2552,875	105,440	115,376	135,703	150,432	154,562
2553,876	105,273	115,270	135,582	149,990	153,959
2554,875	105,231	115,225	135,388	149,506	153,401
2555,877	105,210	115,149	135,271	149,087	152,889
2556,876	105,049	115,024	135,079	148,650	152,283
2557,876	104,994	114,986	134,920	148,232	151,805
2558,877	104,920	114,896	134,822	147,743	151,282
2559,876	104,825	114,897	134,640	147,290	150,690
2560,876	104,838	114,810	134,513	146,888	150,187
2561,877	104,715	114,711	134,288	146,398	149,626
2562,876	104,680	114,691	134,219	146,025	149,189
2563,876	104,556	114,598	134,028	145,529	148,583
2564,876	104,486	114,515	133,880	145,129	148,062
2565,875	104,425	114,445	133,718	144,705	147,618
2566,876	104,348	114,435	133,579	144,328	147,086
2567,876	104,230	114,349	133,432	143,896	146,580
2568,875	104,197	114,239	133,292	143,506	146,080
2569,874	104,171	114,161	133,111	143,049	145,588
2570,877	104,086	114,110	132,988	142,656	145,079
2571,876	104,021	114,072	132,955	142,292	144,632
2572,876	103,963	113,967	132,685	141,838	144,063
2573,875	103,887	113,925	132,666	141,412	143,619
2574,877	103,722	113,786	132,359	141,025	143,059
2575,874	103,691	113,802	132,287	140,675	142,627
2576,875	103,615	113,687	132,190	140,211	142,154
2577,875	103,584	113,640	131,993	139,866	141,680
2578,875	103,520	113,602	131,934	139,476	141,219
