Time (s)	TC1 (C)	TC2 (C)	TC3 (C)	TC4 (C)	TC5 (C)
16,951	23,184	22,768	22,320	23,150	23,469
17,969	23,195	22,759	22,299	23,120	23,441
18,951	23,142	22,712	22,269	23,063	23,400
19,953	23,137	22,697	22,197	23,044	23,362
20,953	23,131	22,782	22,213	23,083	23,403
21,952	23,162	22,764	22,222	23,083	23,366
22,954	23,276	22,824	24,588	23,182	23,510
23,951	23,312	22,908	27,093	23,354	23,598
24,952	23,399	23,052	30,211	23,739	23,753
25,952	23,491	23,232	33,020	24,227	23,940
26,952	23,596	23,524	36,642	24,685	24,112
27,951	23,616	23,690	40,893	25,300	24,178
28,954	23,770	24,008	45,662	25,976	24,318
29,952	23,847	24,339	48,825	26,644	24,491
30,952	23,904	24,637	53,540	27,439	24,557
31,952	23,964	24,983	57,312	28,262	24,670
32,952	24,087	25,317	61,704	29,165	24,753
33,951	24,143	25,745	65,906	30,017	24,910
34,952	24,239	26,187	69,767	31,027	25,024
35,951	24,355	26,574	73,225	31,908	25,048
36,951	24,407	26,959	77,414	33,000	25,164
37,952	24,393	27,452	80,529	34,039	25,238
38,951	24,577	27,946	84,248	35,050	25,480
39,951	24,592	28,503	88,007	36,178	25,506
40,952	24,636	29,025	91,709	37,220	25,629
41,952	24,746	29,529	95,258	38,350	25,729
42,953	24,876	30,083	98,833	39,538	25,859
43,952	24,849	30,615	102,432	40,721	25,983
44,953	24,992	31,162	105,792	41,837	25,998
45,951	25,033	31,699	109,110	42,915	26,155
46,952	25,129	32,327	112,411	44,101	26,232
47,953	25,201	32,836	115,642	45,211	26,374
48,952	25,299	33,506	118,787	46,418	26,483
49,953	25,327	34,143	121,930	47,560	26,587
50,953	25,435	34,636	124,915	48,707	26,705
51,950	25,574	35,300	127,880	49,891	26,765
52,951	25,627	36,016	130,775	51,147	26,854
53,951	25,707	36,599	133,702	52,252	27,017
54,953	25,762	37,238	136,176	53,418	27,204
55,951	25,804	37,782	139,354	54,519	27,290
56,953	25,888	38,529	142,089	55,742	27,328
57,952	25,978	39,062	144,529	56,813	27,394
58,951	26,134	39,756	147,863	57,977	27,569
59,950	26,236	40,463	149,269	59,147	27,675
60,952	26,165	40,959	149,987	60,082	27,625
61,951	26,155	41,444	150,715	60,925	27,647
62,951	26,145	41,905	151,083	61,643	27,636
63,952	26,139	42,304	151,203	62,295	27,561
64,952	26,150	42,697	150,982	62,863	27,552
65,953	26,191	43,108	150,583	63,434	27,628
66,952	26,157	43,407	149,847	63,886	27,515
67,950	26,118	43,771	149,061	64,347	27,592
68,953	26,151	44,043	148,069	64,699	27,636
69,952	26,133	44,364	146,987	65,115	27,680
70,951	26,214	44,614	145,806	65,343	27,704
71,952	26,263	44,964	144,616	65,689	27,729
72,951	26,274	45,125	143,270	65,843	27,665
73,952	26,279	45,394	141,991	66,057	27,740
74,952	26,288	45,609	140,563	66,239	27,785
75,952	26,338	45,779	139,257	66,418	27,863
76,951	26,418	46,029	137,859	66,587	27,904
77,951	26,402	46,158	136,377	66,667	27,981
78,951	26,433	46,344	134,920	66,781	28,077
79,951	26,491	46,469	133,474	66,866	28,083
80,952	26,540	46,595	132,058	66,852	28,158
81,952	26,581	46,708	130,567	66,867	28,189
82,951	26,637	46,851	129,108	66,885	28,263
83,952	26,672	46,997	127,697	66,862	28,323
84,951	26,659	47,040	126,253	66,834	28,401
85,950	26,731	47,173	124,857	66,770	28,535
86,952	26,829	47,220	123,471	66,659	28,555
87,952	26,861	47,309	122,089	66,600	28,639
88,951	26,939	47,356	120,725	66,526	28,723
89,950	27,025	47,451	119,385	66,439	28,855
90,951	27,053	47,514	118,004	66,321	28,907
91,952	27,128	47,502	116,717	66,200	28,988
92,952	27,161	47,613	115,454	66,076	29,078
93,952	27,269	47,648	114,221	65,949	29,153
94,951	27,294	47,671	112,923	65,807	29,183
95,951	27,323	47,709	111,689	65,626	29,306
96,950	27,390	47,760	110,472	65,493	29,426
97,950	27,462	47,758	109,305	65,314	29,506
98,952	27,572	47,820	108,148	65,236	29,589
99,952	27,578	47,748	106,963	65,006	29,641
100,950	27,662	47,803	105,838	64,860	29,729
101,951	27,715	47,860	104,755	64,713	29,885
102,951	27,789	47,860	103,647	64,496	29,922
103,951	27,957	47,890	102,642	64,389	30,054
104,950	27,891	47,789	101,529	64,125	29,987
105,950	28,047	47,851	100,538	63,975	30,160
106,951	28,099	47,808	99,491	63,817	30,267
107,952	28,205	47,863	98,560	63,629	30,384
108,950	28,207	47,852	97,588	63,405	30,416
109,950	28,337	47,782	96,584	63,236	30,532
110,951	28,400	47,855	95,710	63,024	30,622
111,951	28,484	47,763	94,802	62,827	30,724
112,952	28,520	47,763	93,909	62,656	30,804
113,951	28,541	47,721	93,011	62,441	30,877
114,950	28,692	47,673	92,197	62,240	30,989
115,950	28,735	47,663	91,317	62,000	31,060
116,950	28,845	47,690	90,483	61,830	31,104
117,951	28,931	47,652	89,734	61,621	31,229
118,952	28,976	47,661	88,931	61,487	31,334
119,952	28,986	47,559	88,145	61,282	31,387
120,951	29,133	47,588	87,401	61,131	31,531
121,951	29,212	47,580	86,654	60,904	31,532
122,951	29,278	47,538	85,865	60,688	31,631
123,950	29,346	47,491	85,128	60,456	31,701
124,950	29,442	47,432	84,500	60,250	31,770
125,950	29,503	47,427	83,832	60,136	31,928
126,951	29,505	47,346	83,078	59,905	32,002
127,951	29,620	47,286	82,436	59,659	32,070
128,951	29,712	47,303	81,783	59,513	32,124
129,950	29,816	47,250	81,192	59,333	32,218
130,952	29,879	47,216	80,580	59,117	32,294
131,951	29,941	47,177	79,917	58,946	32,385
132,951	30,028	47,123	79,319	58,763	32,493
133,951	30,029	47,044	78,686	58,539	32,501
134,950	30,203	47,065	78,139	58,391	32,645
135,951	30,288	47,029	77,536	58,207	32,743
136,951	30,262	46,930	76,932	57,952	32,750
137,950	30,423	46,932	76,447	57,842	32,890
138,952	30,475	46,891	75,876	57,653	32,946
139,951	30,523	46,748	75,333	57,418	33,027
140,949	30,663	46,708	74,814	57,238	33,083
141,951	30,689	46,774	74,348	57,059	33,168
142,952	30,734	46,615	73,747	56,837	33,220
143,950	30,849	46,593	73,310	56,719	33,269
144,950	30,917	46,560	72,807	56,587	33,371
145,952	31,023	46,540	72,385	56,381	33,489
146,950	31,060	46,450	71,873	56,253	33,455
147,950	31,117	46,410	71,453	56,064	33,620
148,950	31,226	46,397	71,024	55,898	33,651
149,950	31,251	46,330	70,565	55,786	33,728
150,951	31,344	46,230	70,109	55,536	33,728
151,950	31,419	46,184	69,725	55,389	33,835
152,950	31,505	46,161	69,280	55,241	33,922
153,949	31,548	46,072	68,856	55,054	33,975
154,951	31,680	46,049	68,471	54,939	34,062
155,952	31,748	45,988	68,086	54,749	34,090
156,951	31,766	45,962	67,698	54,600	34,146
157,949	31,837	45,859	67,261	54,436	34,230
158,952	31,825	45,877	66,907	54,309	34,303
159,951	31,920	45,784	66,528	54,118	34,380
160,950	31,997	45,742	66,189	53,960	34,420
161,951	32,121	45,711	65,834	53,848	34,475
162,950	32,149	45,661	65,449	53,671	34,545
163,950	32,260	45,549	65,142	53,519	34,618
164,950	32,288	45,523	64,746	53,354	34,660
165,951	32,287	45,421	64,308	53,183	34,639
166,951	32,415	45,407	64,031	53,084	34,784
167,952	32,455	45,348	63,660	52,939	34,831
168,951	32,504	45,256	63,356	52,797	34,870
169,951	32,554	45,238	62,996	52,663	34,931
170,951	32,616	45,207	62,716	52,547	35,026
171,951	32,657	45,132	62,383	52,420	35,014
172,952	32,741	45,048	62,074	52,267	35,081
173,950	32,851	45,037	61,803	52,109	35,103
174,950	32,784	44,951	61,450	51,915	35,171
175,950	32,924	44,950	61,168	51,824	35,222
176,951	33,018	44,828	60,828	51,716	35,299
177,950	33,012	44,774	60,574	51,634	35,372
178,952	33,022	44,685	60,284	51,437	35,394
179,951	33,079	44,663	59,986	51,324	35,486
180,950	33,186	44,589	59,724	51,208	35,443
181,950	33,212	44,596	59,506	51,089	35,482
182,950	33,242	44,501	59,160	50,948	35,536
183,951	33,292	44,475	58,959	50,833	35,639
184,949	33,388	44,433	58,707	50,706	35,708
185,952	33,407	44,386	58,438	50,628	35,659
186,950	33,528	44,371	58,235	50,467	35,730
187,949	33,553	44,238	57,910	50,313	35,797
188,950	33,612	44,195	57,675	50,246	35,803
189,949	33,651	44,187	57,437	50,163	35,864
190,950	33,651	44,096	57,158	50,067	35,881
191,950	33,725	44,034	56,940	49,831	35,953
192,950	33,793	44,000	56,764	49,795	36,055
193,951	33,770	43,905	56,456	49,650	36,003
194,951	33,830	43,865	56,280	49,576	36,113
195,951	33,896	43,857	56,076	49,503	36,137
196,950	33,918	43,766	55,828	49,289	36,148
197,951	33,956	43,748	55,639	49,230	36,217
198,949	34,032	43,648	55,416	49,116	36,227
199,950	34,018	43,609	55,212	49,014	36,281
200,950	34,047	43,529	54,978	48,875	36,288
201,950	34,091	43,520	54,777	48,853	36,345
202,950	34,242	43,537	54,607	48,715	36,451
203,950	34,236	43,402	54,329	48,553	36,405
204,951	34,264	43,371	54,135	48,491	36,474
205,949	34,229	43,252	53,860	48,365	36,439
206,951	34,312	43,244	53,704	48,286	36,521
207,950	34,348	43,199	53,548	48,199	36,547
208,950	34,415	43,166	53,327	48,114	36,605
209,951	34,433	43,101	53,130	47,975	36,658
210,950	34,497	43,076	52,932	47,907	36,649
211,950	34,570	43,038	52,768	47,835	36,743
212,951	34,521	42,910	52,547	47,671	36,737
213,949	34,610	42,913	52,450	47,692	36,764
214,949	34,617	42,885	52,201	47,516	36,741
215,950	34,687	42,786	52,034	47,424	36,827
216,950	34,713	42,715	51,893	47,347	36,825
217,950	34,633	42,619	51,663	47,222	36,810
218,950	34,677	42,589	51,527	47,170	36,827
219,951	34,745	42,638	51,419	47,128	36,895
220,949	34,845	42,553	51,205	46,972	36,881
221,949	34,783	42,442	51,024	46,853	36,907
222,950	34,881	42,489	50,930	46,847	37,023
223,949	34,915	42,434	50,753	46,787	37,025
224,950	34,889	42,346	50,570	46,662	37,023
225,949	34,919	42,265	50,388	46,605	37,106
226,950	34,957	42,240	50,217	46,483	37,032
227,949	34,990	42,172	50,078	46,408	37,038
228,951	35,029	42,147	49,923	46,316	37,107
229,950	35,068	42,062	49,760	46,186	37,096
230,949	35,073	42,034	49,664	46,170	37,167
231,951	35,107	42,018	49,518	46,119	37,100
232,950	35,148	41,955	49,353	45,994	37,227
233,950	35,112	41,886	49,168	45,886	37,182
234,949	35,187	41,846	49,070	45,855	37,188
235,949	35,244	41,818	49,018	45,791	37,249
236,950	35,221	41,722	48,821	45,694	37,235
237,950	35,254	41,691	48,697	45,661	37,290
238,951	35,260	41,695	48,565	45,536	37,282
239,951	35,294	41,621	48,412	45,477	37,310
240,949	35,276	41,557	48,306	45,442	37,325
241,949	35,355	41,530	48,180	45,367	37,363
242,951	35,242	41,451	47,986	45,209	37,266
243,949	35,340	41,487	47,880	45,175	37,341
244,949	35,404	41,395	47,725	45,073	37,414
245,950	35,402	41,309	47,597	45,006	37,349
246,951	35,386	41,197	47,421	44,939	37,292
247,949	35,493	41,347	47,404	44,962	37,476
248,950	35,395	41,240	47,284	44,831	37,371
249,951	35,480	41,186	47,115	44,774	37,510
250,951	35,488	41,124	46,960	44,721	37,486
251,950	35,512	41,092	46,883	44,667	37,522
252,950	35,486	41,040	46,768	44,541	37,493
253,950	35,617	41,034	46,644	44,509	37,527
254,950	35,468	40,903	46,406	44,359	37,476
255,949	35,481	40,847	46,281	44,274	37,438
256,950	35,538	40,799	46,204	44,257	37,522
257,950	35,610	40,854	46,164	44,259	37,518
258,950	35,589	40,731	45,937	44,157	37,551
259,949	35,671	40,725	45,896	44,075	37,593
260,950	35,619	40,676	45,867	44,090	37,573
261,949	35,641	40,661	45,749	44,067	37,575
262,949	35,671	40,631	45,642	43,959	37,569
263,950	35,718	40,600	45,481	43,846	37,587
264,948	35,642	40,478	45,345	43,824	37,597
265,950	35,680	40,462	45,316	43,801	37,645
266,950	35,731	40,545	45,236	43,743	37,662
267,949	35,730	40,357	45,076	43,650	37,643
268,949	35,682	40,337	44,952	43,567	37,604
269,950	35,651	40,336	44,914	43,497	37,677
270,950	35,733	40,314	44,776	43,381	37,623
271,949	35,735	40,236	44,685	43,409	37,658
272,950	35,709	40,216	44,570	43,266	37,653
273,949	35,724	40,177	44,521	43,268	37,636
274,949	35,780	40,149	44,409	43,186	37,650
275,949	35,746	40,047	44,342	43,101	37,591
276,949	35,693	40,001	44,185	43,059	37,640
277,949	35,747	40,015	44,229	43,059	37,687
278,950	35,779	39,971	44,080	43,042	37,718
279,951	35,749	39,946	43,984	42,943	37,718
280,949	35,811	39,887	43,868	42,889	37,684
281,949	35,809	39,883	43,814	42,853	37,711
282,950	35,709	39,803	43,683	42,745	37,666
283,950	35,845	39,767	43,711	42,791	37,740
284,950	35,818	39,783	43,557	42,730	37,722
285,949	35,824	39,689	43,459	42,611	37,691
286,949	35,842	39,686	43,416	42,618	37,734
287,948	35,810	39,608	43,302	42,569	37,701
288,949	35,831	39,592	43,172	42,507	37,738
289,950	35,802	39,602	43,173	42,434	37,731
290,950	35,785	39,549	43,103	42,358	37,693
291,950	35,793	39,485	43,007	42,339	37,735
292,950	35,766	39,436	42,874	42,206	37,685
293,949	35,792	39,380	42,829	42,202	37,736
294,950	35,776	39,398	42,731	42,132	37,738
295,950	35,856	39,335	42,585	42,067	37,668
296,949	35,827	39,253	42,524	42,039	37,718
297,950	35,812	39,298	42,462	42,034	37,724
298,949	35,928	39,204	42,377	41,963	37,748
299,949	35,838	39,194	42,255	41,878	37,747
300,950	35,845	39,178	42,235	41,899	37,729
301,949	35,845	39,127	42,162	41,837	37,704
302,949	35,818	39,032	42,027	41,801	37,650
303,948	35,824	38,971	41,949	41,666	37,651
304,950	35,836	39,026	41,929	41,716	37,662
305,951	35,844	38,971	41,828	41,634	37,688
306,950	35,827	38,938	41,728	41,589	37,697
307,949	35,854	38,902	41,690	41,566	37,637
308,950	35,795	38,859	41,607	41,484	37,634
309,949	35,823	38,812	41,591	41,450	37,649
310,948	35,843	38,777	41,474	41,396	37,708
311,948	35,869	38,770	41,444	41,396	37,697
312,949	35,812	38,740	41,363	41,335	37,689
313,949	35,777	38,683	41,269	41,240	37,690
314,950	35,807	38,698	41,202	41,242	37,690
315,950	35,789	38,684	41,173	41,251	37,683
316,950	35,828	38,619	41,108	41,185	37,682
317,949	35,765	38,566	41,006	41,137	37,697
318,949	35,749	38,518	40,909	41,035	37,639
319,949	35,781	38,514	40,913	41,024	37,605
320,948	35,818	38,455	40,822	41,018	37,643
321,947	35,765	38,377	40,753	40,994	37,642
322,950	35,810	38,370	40,687	40,913	37,559
323,950	35,758	38,333	40,635	40,838	37,605
324,949	35,778	38,336	40,560	40,811	37,587
325,948	35,713	38,304	40,554	40,785	37,504
326,947	35,751	38,233	40,458	40,767	37,531
327,950	35,751	38,190	40,404	40,719	37,589
328,948	35,716	38,246	40,389	40,675	37,520
329,948	35,764	38,121	40,320	40,610	37,558
330,950	35,735	38,172	40,270	40,602	37,544
331,948	35,692	38,089	40,212	40,605	37,495
332,949	35,674	38,108	40,223	40,515	37,508
333,948	35,625	38,043	40,072	40,446	37,527
334,950	35,728	38,041	39,988	40,419	37,571
335,949	35,661	37,907	40,012	40,418	37,511
336,949	35,657	37,961	39,962	40,341	37,495
337,949	35,641	37,917	39,892	40,298	37,501
338,947	35,671	37,893	39,792	40,248	37,534
339,949	35,764	37,850	39,767	40,317	37,487
340,948	35,655	37,845	39,694	40,193	37,551
341,949	35,621	37,729	39,604	40,164	37,459
342,948	35,595	37,726	39,542	40,113	37,511
343,949	35,657	37,707	39,399	40,039	37,449
344,949	35,608	37,690	39,421	40,043	37,453
345,948	35,678	37,665	39,308	39,984	37,483
346,950	35,743	37,659	39,290	40,030	37,488
347,949	35,627	37,543	39,241	39,899	37,420
348,949	35,662	37,564	39,213	39,882	37,409
349,949	35,563	37,494	39,128	39,816	37,432
350,950	35,730	37,577	39,173	39,832	37,480
351,949	35,674	37,497	39,080	39,798	37,457
352,948	35,590	37,477	39,023	39,771	37,415
353,948	35,591	37,432	39,009	39,715	37,369
354,949	35,594	37,384	38,938	39,683	37,450
355,948	35,527	37,301	38,841	39,617	37,336
356,948	35,538	37,363	38,862	39,609	37,412
357,950	35,540	37,341	38,783	39,574	37,403
358,947	35,574	37,336	38,831	39,595	37,421
359,949	35,491	37,200	38,693	39,464	37,356
360,948	35,511	37,176	38,666	39,483	37,322
361,950	35,496	37,164	38,593	39,451	37,319
362,948	35,496	37,124	38,558	39,409	37,328
363,948	35,470	37,156	38,546	39,390	37,342
364,947	35,457	37,113	38,445	39,307	37,335
365,949	35,472	37,076	38,397	39,291	37,286
366,947	35,408	37,010	38,352	39,237	37,278
367,949	35,454	37,020	38,313	39,293	37,264
368,948	35,455	36,974	38,303	39,213	37,230
369,948	35,389	36,976	38,187	39,200	37,221
370,947	35,391	36,979	38,181	39,158	37,200
371,950	35,441	36,939	38,190	39,151	37,262
372,948	35,400	36,893	38,119	39,069	37,261
373,947	35,369	36,858	38,066	39,050	37,211
374,949	35,409	36,772	37,985	39,004	37,200
375,950	35,386	36,833	38,019	38,991	37,210
376,948	35,338	36,745	37,913	38,952	37,179
377,948	35,349	36,751	37,919	38,953	37,163
378,950	35,283	36,640	37,890	38,831	37,163
379,947	35,279	36,644	37,805	38,853	37,176
380,948	35,295	36,667	37,767	38,885	37,137
381,949	35,290	36,538	37,680	38,705	37,169
