Time (s)	TC1 (C)	TC2 (C)	TC3 (C)
0,000	21,949	22,610	22,914
1,000	29,031	25,976	23,042
2,000	75,510	50,883	24,283
3,000	103,595	66,746	25,718
4,000	123,878	83,342	27,603
5,000	139,468	100,272	29,518
6,000	151,127	124,133	31,570
7,000	164,620	137,505	33,696
8,000	176,146	152,814	36,079
9,000	189,961	168,698	38,889
10,000	202,817	178,090	41,136
11,000	220,086	183,084	43,543
12,000	239,399	214,264	45,782
13,000	251,162	230,494	47,588
14,000	258,823	225,417	49,993
15,000	260,299	264,848	52,012
16,000	264,223	271,542	54,115
17,000	270,771	269,817	55,978
18,000	276,233	276,375	58,492
19,000	282,520	284,540	61,466
20,000	283,918	293,075	64,194
21,000	284,534	297,004	66,382
22,000	281,061	297,076	68,190
23,000	275,974	296,644	70,083
24,000	272,332	296,042	71,753
25,000	268,480	295,483	73,328
26,000	264,973	295,118	74,780
27,000	266,856	296,898	76,749
28,000	276,302	302,390	79,342
29,000	286,528	308,639	81,855
30,000	295,979	313,955	84,122
31,000	306,519	319,730	86,587
32,000	317,293	326,231	89,521
33,000	322,371	323,523	93,739
34,000	325,615	326,739	96,762
35,000	335,824	331,836	99,122
36,000	342,167	336,492	100,426
37,000	347,845	340,533	102,791
38,000	351,792	345,874	104,877
39,000	357,478	347,696	106,996
40,000	361,219	354,670	108,971
41,000	365,831	359,722	110,743
42,000	370,108	362,911	112,662
43,000	373,969	366,602	114,920
44,000	379,814	372,137	117,784
45,000	385,309	378,448	121,497
46,000	389,866	382,856	124,165
47,000	394,182	388,773	125,677
48,000	389,828	391,140	125,574
49,000	379,823	392,561	125,812
50,000	370,823	393,498	126,369
51,000	363,110	394,267	127,009
52,000	356,780	394,781	127,447
53,000	351,148	394,714	127,704
54,000	346,343	394,206	128,366
55,000	341,871	392,770	128,959
56,000	337,831	390,966	129,333
57,000	334,188	389,189	129,850
58,000	330,774	386,993	130,363
59,000	327,618	384,413	131,049
60,000	324,622	381,721	131,859
61,000	321,924	379,006	132,647
62,000	319,229	375,967	133,245
63,000	316,654	372,776	133,649
64,000	314,089	369,423	134,127
65,000	311,721	366,133	134,487
66,000	309,362	362,756	134,881
67,000	306,928	359,621	135,126
68,000	304,642	356,401	135,348
69,000	302,498	353,222	135,578
70,000	300,334	350,155	135,757
71,000	298,195	346,986	135,901
72,000	296,087	343,884	136,084
73,000	294,009	340,877	136,147
74,000	291,804	337,914	136,188
75,000	289,857	335,130	136,244
76,000	287,902	332,356	136,297
77,000	285,963	329,650	136,234
78,000	283,946	326,857	136,159
79,000	281,927	324,238	136,064
80,000	279,960	321,666	135,962
81,000	278,014	319,210	135,883
82,000	276,189	316,769	135,794
83,000	274,449	314,332	135,578
84,000	272,713	312,000	135,425
85,000	271,121	309,687	135,210
86,000	269,630	307,363	135,020
87,000	268,090	305,119	134,786
88,000	266,551	302,893	134,511
89,000	265,024	300,785	134,249
90,000	263,302	298,606	133,976
91,000	261,678	296,503	133,702
92,000	259,916	294,387	133,411
93,000	258,368	292,405	133,133
94,000	256,879	290,357	132,807
95,000	255,400	288,316	132,277
96,000	254,010	286,376	131,946
97,000	252,544	284,427	131,598
98,000	251,197	282,511	131,322
99,000	249,775	280,692	131,081
100,000	248,386	278,846	130,747
101,000	247,136	277,116	130,505
102,000	245,814	275,343	130,158
103,000	244,484	273,601	129,816
104,000	243,327	272,037	129,551
105,000	241,918	270,287	129,334
106,000	240,712	268,716	129,073
107,000	239,493	267,119	128,760
108,000	238,316	265,569	128,354
109,000	237,079	263,974	127,905
110,000	235,849	262,407	127,663
111,000	234,770	260,851	127,407
112,000	234,002	259,448	127,217
113,000	233,089	257,931	126,862
114,000	232,203	256,472	126,598
115,000	231,205	255,023	126,356
116,000	230,240	253,667	126,109
117,000	228,955	252,252	125,721
118,000	227,748	250,888	125,311
119,000	226,598	249,586	125,064
120,000	225,258	248,217	124,781
121,000	224,091	246,858	124,544
122,000	222,931	245,586	124,447
123,000	221,805	244,276	124,254
124,000	220,651	242,936	123,952
125,000	219,489	241,625	123,710
126,000	218,384	240,341	123,515
127,000	217,258	239,079	123,175
128,000	216,121	237,728	122,938
129,000	214,957	236,386	122,613
130,000	213,952	235,178	122,410
131,000	212,820	233,939	122,155
132,000	211,697	232,636	121,850
133,000	210,632	231,392	121,587
134,000	209,495	230,018	121,288
135,000	208,421	228,838	121,043
136,000	207,328	227,478	120,712
137,000	206,272	226,292	120,494
138,000	205,209	225,060	120,255
139,000	204,265	223,805	120,031
140,000	203,182	222,644	119,786
141,000	201,881	221,405	119,542
142,000	200,885	220,190	119,286
143,000	200,002	219,036	119,047
144,000	198,914	217,859	118,727
145,000	197,931	216,733	118,547
146,000	196,978	215,563	118,298
147,000	196,015	214,398	118,013
148,000	195,255	213,209	117,791
149,000	194,377	212,122	117,597
150,000	193,506	210,980	117,317
151,000	192,546	209,886	117,089
152,000	191,589	208,795	116,844
153,000	190,539	207,689	116,546
154,000	189,661	206,682	116,341
155,000	188,658	205,488	116,004
156,000	187,849	204,431	115,700
157,000	186,957	203,392	115,499
158,000	186,149	202,389	115,178
159,000	185,213	201,365	114,881
160,000	184,300	200,365	114,684
161,000	183,421	199,307	114,481
162,000	182,491	198,327	114,231
163,000	181,556	197,310	113,987
164,000	180,701	196,381	113,872
165,000	179,841	195,420	113,754
166,000	178,924	194,461	113,553
167,000	177,988	193,458	113,398
168,000	177,203	192,606	113,192
169,000	176,314	191,561	112,955
170,000	175,522	190,697	112,783
171,000	174,641	189,886	112,617
172,000	173,799	188,878	112,370
173,000	172,920	187,974	112,157
174,000	172,082	187,100	111,951
175,000	171,257	186,193	111,729
176,000	170,459	185,338	111,530
177,000	169,693	184,486	111,347
178,000	168,830	183,630	111,080
179,000	168,062	182,706	110,882
180,000	167,305	181,882	110,705
181,000	166,463	180,992	110,489
182,000	165,698	180,168	110,319
183,000	164,938	179,311	110,092
184,000	164,112	178,488	109,887
185,000	163,362	177,584	109,624
186,000	162,666	176,843	109,404
187,000	161,848	176,045	109,109
188,000	161,230	175,275	108,978
189,000	160,366	174,436	108,705
190,000	159,685	173,698	108,544
191,000	158,935	172,913	108,381
192,000	158,145	172,084	108,114
193,000	157,548	171,357	107,983
194,000	156,778	170,608	107,797
195,000	156,056	169,831	107,613
196,000	155,282	168,997	107,377
197,000	154,594	168,308	107,197
198,000	153,958	167,589	106,971
199,000	153,275	166,912	106,830
200,000	152,579	166,118	106,620
201,000	151,836	165,410	106,403
202,000	151,208	164,759	106,218
203,000	150,488	164,044	106,054
204,000	149,861	163,311	105,859
205,000	149,209	162,572	105,656
206,000	148,488	161,876	105,376
207,000	147,794	161,154	105,179
208,000	147,166	160,492	105,066
209,000	146,512	159,755	104,831
210,000	145,813	159,058	104,630
211,000	145,212	158,482	104,486
212,000	144,534	157,738	104,278
213,000	143,918	157,083	104,050
214,000	143,274	156,375	103,888
215,000	142,645	155,742	103,755
216,000	142,012	155,058	103,580
217,000	141,373	154,461	103,391
218,000	140,747	153,869	103,250
219,000	140,091	153,168	103,028
220,000	139,525	152,468	102,892
221,000	138,902	151,971	102,757
222,000	138,261	151,276	102,508
223,000	137,690	150,627	102,375
224,000	137,097	150,007	102,200
225,000	136,519	149,390	102,040
226,000	135,913	148,760	101,804
227,000	135,376	148,163	101,670
228,000	134,709	147,564	101,461
229,000	134,192	146,984	101,380
230,000	133,576	146,326	101,161
231,000	133,020	145,760	101,042
232,000	132,388	145,149	100,778
233,000	131,843	144,519	100,601
234,000	131,308	143,927	100,485
235,000	130,777	143,395	100,357
236,000	130,212	142,773	100,130
237,000	129,634	142,208	99,974
238,000	129,116	141,683	99,818
239,000	128,579	141,108	99,695
240,000	128,066	140,534	99,492
241,000	127,518	140,016	99,343
242,000	126,995	139,391	99,187
243,000	126,460	138,858	99,022
244,000	125,922	138,380	98,825
245,000	125,422	137,834	98,719
246,000	124,870	137,278	98,543
247,000	124,308	136,715	98,364
248,000	123,816	136,225	98,201
249,000	123,337	135,647	98,099
250,000	122,807	135,083	97,875
251,000	122,356	134,628	97,757
252,000	121,831	134,043	97,596
253,000	121,313	133,505	97,368
254,000	120,914	133,024	97,261
255,000	120,422	132,540	97,134
256,000	119,847	132,002	96,905
257,000	119,383	131,481	96,763
258,000	118,951	131,028	96,681
259,000	118,507	130,542	96,528
260,000	118,047	129,972	96,331
261,000	117,533	129,550	96,260
262,000	117,080	129,068	96,080
263,000	116,532	128,526	95,903
264,000	116,157	128,100	95,815
265,000	115,655	127,675	95,673
266,000	115,227	127,151	95,558
267,000	114,724	126,637	95,377
268,000	114,352	126,235	95,211
269,000	113,836	125,690	95,101
270,000	113,372	125,232	94,923
271,000	112,981	124,854	94,801
272,000	112,526	124,354	94,668
273,000	112,092	123,901	94,482
274,000	111,662	123,426	94,342
275,000	111,316	123,047	94,270
276,000	110,821	122,525	94,052
277,000	110,425	122,122	94,015
278,000	109,992	121,692	93,826
279,000	109,601	121,245	93,669
280,000	109,185	120,809	93,528
281,000	108,869	120,371	93,412
282,000	108,422	119,937	93,237
283,000	108,068	119,553	93,121
284,000	107,724	119,099	93,000
285,000	107,319	118,773	92,907
286,000	106,938	118,303	92,744
287,000	106,612	117,883	92,647
288,000	106,226	117,448	92,456
