Time (s)	TC1 (C)	TC2 (C)	TC3 (C)	TC4 (C)	TC5 (C)
548,288	28,567	28,428	28,874	28,935	28,705
549,292	28,570	28,428	28,861	28,969	28,632
550,290	28,557	28,412	28,910	28,997	28,719
551,289	28,490	28,393	28,840	28,913	28,641
552,290	29,935	31,534	30,506	31,494	31,432
553,289	51,341	50,937	40,253	47,091	55,682
554,289	82,281	66,852	47,187	59,943	86,058
555,290	112,280	82,394	54,544	72,644	113,291
556,289	139,237	98,317	62,994	85,752	139,887
557,290	161,641	114,284	72,096	98,958	160,989
558,289	181,420	129,132	81,338	111,496	178,611
559,290	200,259	142,962	90,863	122,933	198,081
560,290	217,582	155,295	100,183	132,990	216,593
561,289	233,355	167,848	109,303	142,870	233,934
562,288	247,133	181,116	118,030	153,248	246,701
563,289	258,972	194,824	126,159	163,936	258,512
564,291	269,780	208,418	133,714	174,719	267,216
565,288	279,583	220,548	140,479	184,851	277,291
566,290	276,006	225,273	144,785	190,379	274,906
567,289	266,699	225,736	148,582	191,503	267,316
568,289	257,455	224,802	151,304	191,211	259,753
569,290	248,345	222,940	153,100	190,061	251,948
570,290	239,562	220,398	154,245	188,277	244,027
571,288	231,298	217,259	154,705	185,970	236,156
572,290	223,375	213,784	154,749	183,280	228,435
573,288	215,815	209,959	154,253	180,295	221,037
574,290	208,784	205,941	153,482	177,137	213,846
575,290	202,145	201,962	152,487	173,950	207,098
576,291	195,903	197,884	151,253	170,640	200,580
577,289	189,921	193,796	149,796	167,275	194,332
578,290	184,153	189,648	148,248	163,908	188,282
579,290	178,813	185,791	146,766	160,630	182,648
580,290	173,630	181,803	145,100	157,398	177,334
581,289	168,681	178,033	143,357	154,436	172,239
582,288	164,049	174,304	141,556	151,574	167,557
583,288	159,670	170,673	139,780	148,760	163,055
584,288	155,687	167,237	138,057	146,032	159,356
585,290	151,772	163,921	136,241	143,428	155,245
586,289	148,099	160,694	134,447	140,914	151,449
587,288	144,626	157,472	132,665	138,515	147,844
588,290	141,289	154,407	130,904	136,103	144,407
589,288	138,142	151,463	129,127	133,785	141,146
590,289	135,169	148,661	127,509	131,606	138,070
591,288	132,339	145,929	125,710	129,333	135,131
592,290	129,550	143,278	123,942	127,062	132,332
593,289	126,920	140,729	122,195	124,988	129,676
594,290	124,333	138,164	120,397	122,827	127,014
595,290	121,897	135,761	118,740	120,774	124,460
596,291	119,598	133,468	117,095	118,878	122,152
597,289	117,315	131,176	115,463	116,922	119,813
598,289	115,135	128,906	113,826	114,960	117,582
599,289	113,150	126,847	112,406	113,241	115,517
600,289	111,156	124,759	110,900	111,424	113,444
601,289	109,242	122,780	109,503	109,706	111,576
602,288	107,348	120,804	107,988	108,051	109,671
603,290	105,207	118,856	106,515	106,435	107,761
604,289	103,702	117,037	105,016	104,921	105,992
605,290	102,321	115,315	103,773	103,509	104,426
606,289	100,790	113,637	102,475	102,045	102,838
607,289	99,361	111,981	101,240	100,675	101,188
608,289	97,915	110,315	99,962	99,293	99,760
609,289	96,629	108,811	98,772	97,994	98,316
610,290	95,262	107,269	97,546	96,753	96,864
611,290	94,051	105,928	96,450	95,535	95,578
612,290	92,772	104,398	95,321	94,285	94,230
613,289	91,629	103,141	94,241	93,216	93,077
614,289	90,576	101,672	93,065	91,996	91,773
615,289	89,508	100,372	92,109	90,953	90,622
616,290	88,465	99,180	91,164	89,876	89,480
617,289	87,368	97,952	90,171	88,774	88,416
618,289	86,310	96,777	89,218	87,756	87,267
619,289	85,306	95,621	88,222	86,752	86,268
620,289	84,400	94,521	87,323	85,864	85,227
621,289	83,487	93,433	86,444	84,934	84,271
622,289	82,532	92,406	85,636	84,120	83,420
623,289	81,684	91,415	84,749	83,236	82,486
624,288	80,828	90,412	83,896	82,422	81,657
625,289	79,999	89,412	83,088	81,576	80,767
626,289	79,137	88,546	82,323	80,832	79,924
627,290	78,301	87,564	81,570	80,031	79,151
628,288	77,463	86,606	80,778	79,267	78,374
629,290	76,793	85,831	80,132	78,591	77,626
630,288	76,035	84,928	79,346	77,825	76,895
631,289	75,392	84,056	78,658	77,133	76,131
632,288	74,715	83,240	77,981	76,436	75,462
633,289	74,077	82,498	77,349	75,758	74,720
634,290	73,605	81,695	76,702	75,135	74,077
635,289	73,087	80,982	76,034	74,570	73,480
636,290	72,570	80,214	75,423	73,920	72,801
637,291	72,012	79,509	74,862	73,349	72,256
638,290	71,471	78,702	74,137	72,685	71,602
639,291	70,986	78,112	73,617	72,154	71,088
640,289	70,493	77,422	73,079	71,606	70,479
641,289	69,869	76,737	72,502	71,081	69,888
642,289	69,365	76,130	71,951	70,527	69,348
643,289	68,820	75,479	71,481	70,026	68,859
644,288	68,202	74,851	70,946	69,504	68,234
645,291	67,715	74,242	70,384	68,941	67,744
646,290	67,250	73,727	69,906	68,473	67,270
647,289	66,762	73,121	69,402	68,027	66,783
648,290	66,289	72,499	68,970	67,531	66,268
649,289	65,840	71,983	68,486	67,102	65,827
650,289	65,296	71,383	67,950	66,593	65,358
651,289	64,912	70,915	67,557	66,215	64,931
652,289	64,486	70,340	67,067	65,752	64,510
653,288	64,094	69,829	66,698	65,298	64,039
654,289	63,795	69,323	66,240	64,896	63,623
655,290	63,460	68,805	65,804	64,479	63,218
656,288	63,168	68,373	65,451	64,129	62,848
657,289	62,776	67,904	65,034	63,752	62,454
658,305	62,471	67,430	64,579	63,352	62,057
659,289	62,040	66,919	64,204	62,971	61,687
660,288	61,611	66,468	63,843	62,605	61,365
661,289	61,180	66,050	63,423	62,194	60,930
662,290	60,897	65,650	63,081	61,860	60,607
663,288	60,468	65,130	62,672	61,429	60,135
664,289	60,072	64,729	62,323	61,103	59,803
665,288	59,722	64,323	61,980	60,794	59,459
666,289	59,439	63,932	61,630	60,473	59,170
667,289	59,140	63,577	61,345	60,214	58,930
668,290	58,736	63,165	60,990	59,824	58,532
