Time (s)	TC1 (C)	TC2 (C)	TC3 (C)	TC4 (C)	TC5 (C)
17,300	26,182	25,712	25,819	25,727	25,926
18,312	26,084	25,626	25,752	25,667	25,865
19,300	26,165	25,655	25,791	25,669	25,877
20,302	26,137	25,613	25,750	25,687	25,875
21,301	26,170	25,649	25,772	25,732	25,879
22,300	26,160	25,642	25,751	25,708	25,900
23,301	26,332	26,268	25,915	26,122	26,364
24,301	462,896	37,073	28,841	32,732	34,834
25,300	1201,898	45,694	31,503	38,858	45,680
26,301	58,371	51,413	33,731	44,142	55,778
27,300	90,628	56,490	35,746	49,236	64,907
28,301	785,659	61,512	37,946	54,326	73,104
29,302	751,903	66,389	40,134	59,408	80,589
30,301	683,547	71,388	42,632	64,612	87,500
31,300	1122,511	76,301	45,161	69,890	93,676
32,304	118,349	81,019	47,932	75,236	99,480
33,301	113,744	85,757	50,695	80,447	104,815
34,301	120,700	90,411	53,597	85,521	109,834
35,301	127,214	94,900	56,524	90,555	114,591
36,302	133,195	99,369	59,516	95,437	118,899
37,301	138,946	103,663	62,540	100,204	123,086
38,301	146,696	107,871	65,554	104,892	126,863
39,302	149,955	112,066	68,667	109,350	130,257
40,300	154,788	115,984	71,747	113,513	133,338
41,301	159,417	119,945	74,935	117,747	136,375
42,300	164,204	123,688	78,037	121,619	139,383
43,301	168,594	127,193	81,180	125,269	142,308
44,301	172,767	130,750	84,319	128,928	145,202
45,302	177,081	134,118	87,437	132,351	147,956
46,302	182,053	137,388	90,500	135,659	150,407
47,301	186,146	140,485	93,547	138,819	152,773
48,301	189,772	143,509	96,708	141,920	155,243
49,301	193,583	146,335	99,740	144,770	157,671
50,300	197,805	149,064	102,827	147,548	160,195
51,302	200,909	151,491	105,780	150,184	162,776
52,300	204,094	153,756	108,681	152,959	164,858
53,301	207,711	156,005	111,646	155,830	167,330
54,300	211,154	158,237	114,579	158,666	169,410
55,302	214,391	160,675	117,403	161,640	171,449
56,301	217,664	163,309	120,147	164,720	173,647
57,301	220,738	166,026	122,730	167,738	175,613
58,302	223,844	169,023	125,368	170,711	177,618
59,302	226,669	171,984	127,997	173,535	179,838
60,300	229,695	174,974	130,706	176,454	182,104
61,301	232,895	177,872	133,266	179,208	184,282
62,301	235,837	180,543	135,814	181,910	186,609
63,301	238,639	183,200	138,237	184,431	188,498
64,301	241,065	185,635	140,485	186,929	189,894
65,302	239,838	187,097	141,584	188,665	187,636
66,301	235,963	187,706	142,983	189,212	182,937
67,302	231,662	187,718	144,377	189,116	178,121
68,300	227,324	187,405	145,572	188,523	173,440
69,301	223,041	186,770	146,526	187,588	169,024
70,301	218,751	185,980	147,307	186,367	165,197
71,301	214,502	184,912	147,720	185,053	161,630
72,300	210,586	183,907	148,242	183,692	158,123
73,300	206,592	182,646	148,532	182,050	154,507
74,303	202,795	181,441	148,817	180,439	151,222
75,301	199,145	180,126	148,941	178,781	147,848
76,300	195,749	178,720	148,993	177,060	144,933
77,301	192,384	177,358	148,943	175,413	142,323
78,302	189,143	175,983	148,835	173,822	139,815
79,302	185,998	174,519	148,614	172,131	137,440
80,302	183,010	173,062	148,086	170,457	135,016
81,303	180,074	171,713	147,716	168,909	132,835
82,302	177,410	170,172	147,266	167,218	130,701
83,303	174,764	168,813	146,765	165,657	128,614
84,301	172,352	167,466	146,229	164,092	126,607
85,301	170,583	166,020	145,405	162,509	124,682
86,302	167,643	164,564	144,680	161,006	122,802
87,302	165,339	163,241	144,129	159,509	121,071
88,300	200,659	161,845	143,508	157,975	119,460
89,302	221,574	160,470	142,820	156,542	117,903
90,300	168,895	159,179	142,128	155,129	116,392
91,302	2106,717	157,803	141,404	153,718	114,951
92,301	2190,947	156,473	140,645	152,294	113,549
93,301	2295,040	155,171	139,925	150,882	111,845
94,303	2295,058	153,947	139,122	149,509	110,387
95,301	1010,568	152,669	138,373	148,202	108,965
96,301	1794,618	151,341	137,548	146,915	107,676
97,301	2295,009	150,074	136,697	145,545	106,630
98,302	2295,048	148,897	135,964	144,255	105,487
99,300	2295,012	147,705	135,088	142,969	104,313
100,301	2295,068	146,502	134,334	141,739	103,243
101,301	2295,019	145,243	133,447	140,533	102,284
102,301	2295,037	144,075	132,611	139,322	101,304
103,302	2295,032	142,860	131,819	138,129	100,251
104,302	2295,102	141,777	130,975	136,971	99,253
105,302	2295,117	140,681	130,185	135,814	98,326
106,302	2295,001	139,452	129,332	134,613	97,442
107,302	1870,850	138,398	128,517	133,586	96,650
108,302	1986,049	137,289	127,623	132,425	95,880
109,301	1616,921	136,172	126,799	131,337	95,068
110,302	2295,017	135,090	125,974	130,318	94,289
111,302	1258,174	134,075	125,149	129,245	93,610
112,303	1313,007	133,045	124,324	128,233	92,891
113,301	866,053	131,976	123,540	127,214	92,184
114,303	282,523	130,966	122,663	126,198	91,322
115,302	1534,727	130,032	121,942	125,261	90,597
116,301	1860,271	128,992	121,052	124,267	89,858
117,301	217,099	128,066	120,275	123,351	89,313
118,302	120,444	127,085	119,513	122,417	88,731
119,302	118,424	126,042	118,703	121,493	88,073
120,303	117,851	125,109	117,890	120,549	87,464
121,302	116,863	124,210	117,121	119,650	86,866
122,302	117,153	123,308	116,333	118,769	86,303
123,301	116,815	122,400	115,574	117,896	85,738
124,302	113,949	121,440	114,754	117,061	85,134
125,302	112,195	120,546	113,998	116,127	84,419
126,302	111,273	119,648	113,190	115,221	83,813
127,302	111,137	118,840	112,519	114,498	83,322
128,301	110,076	117,917	111,708	113,612	82,756
129,303	126,944	117,162	111,044	112,792	82,244
130,302	109,544	116,282	110,255	111,969	81,618
131,301	113,172	115,414	109,516	111,120	81,131
132,301	109,335	114,622	108,847	110,318	80,666
133,302	108,037	113,828	108,162	109,600	80,156
134,303	107,809	113,019	107,400	108,780	79,723
135,303	106,841	112,198	106,700	107,970	79,195
136,303	106,215	111,425	106,036	107,285	78,787
137,302	1514,565	110,664	105,319	106,584	78,415
138,303	982,878	109,917	104,632	105,843	77,913
139,302	796,909	109,161	103,984	105,104	77,653
140,302	249,088	108,379	103,270	104,399	77,206
141,302	196,444	107,672	102,585	103,741	76,736
142,301	1169,014	106,921	101,958	102,963	76,308
143,303	108,485	106,274	101,337	102,322	75,851
144,301	100,691	105,536	100,646	101,614	75,409
145,302	105,533	104,820	99,915	100,961	75,041
146,302	627,451	104,121	99,234	100,287	74,619
147,302	2295,069	103,468	98,611	99,671	74,279
148,302	525,926	102,752	97,983	99,003	73,879
149,301	1171,197	102,121	97,390	98,344	73,506
150,303	775,197	101,435	96,749	97,693	73,136
151,302	123,355	100,801	96,189	97,087	72,734
152,303	100,164	100,158	95,557	96,520	72,401
153,301	95,146	99,519	94,980	95,902	72,092
154,303	103,163	98,855	94,436	95,323	71,890
155,302	93,785	98,269	93,892	94,720	71,723
156,303	92,987	97,598	93,249	94,069	71,410
157,303	92,417	97,013	92,754	93,570	71,110
158,301	91,916	96,437	92,165	92,995	70,844
159,301	91,326	95,792	91,623	92,428	70,523
160,302	90,981	95,269	91,081	91,959	70,166
161,303	89,753	94,705	90,599	91,299	69,772
162,303	88,615	94,113	90,031	90,819	69,370
163,303	134,331	93,531	89,487	90,295	68,994
164,302	190,318	92,936	88,975	89,801	68,583
165,301	2295,167	92,473	88,522	89,327	68,396
166,301	2295,070	91,909	87,997	88,742	68,062
167,303	2295,152	91,404	87,554	88,250	67,832
168,302	2295,094	90,823	87,076	87,713	67,552
169,302	2295,076	90,285	86,534	87,276	67,258
170,303	2294,975	89,743	85,979	86,683	67,070
171,302	1319,301	89,219	85,517	86,171	66,755
172,302	2199,631	88,778	85,084	85,717	66,503
173,303	84,351	88,190	84,636	85,341	66,189
174,303	83,428	87,704	84,145	84,807	65,867
175,302	82,563	87,227	83,739	84,369	65,485
176,302	82,650	86,690	83,264	83,890	65,197
177,302	82,181	86,303	82,848	83,467	64,974
178,302	81,824	85,818	82,436	83,047	64,791
179,302	80,976	85,300	81,925	82,534	64,432
180,304	81,446	84,838	81,494	82,102	64,248
181,303	79,094	84,388	81,079	81,639	64,009
182,301	78,436	83,919	80,685	81,177	63,699
183,303	79,483	83,462	80,320	80,814	63,486
184,302	79,588	83,014	79,843	80,464	63,272
185,304	78,989	82,620	79,463	79,955	63,043
186,302	78,335	82,096	79,010	79,566	62,747
187,301	77,981	81,736	78,653	79,172	62,543
188,302	77,280	81,288	78,316	78,800	62,273
189,302	76,086	80,834	77,814	78,350	61,965
190,303	76,281	80,440	77,451	78,009	61,793
191,301	76,210	80,032	77,005	77,543	61,479
192,304	74,671	79,625	76,734	77,209	61,284
193,303	73,881	79,236	76,370	76,857	61,160
194,302	73,627	78,839	75,992	76,432	61,056
195,302	74,528	78,404	75,582	76,019	60,686
196,302	72,938	77,993	75,226	75,673	60,523
197,302	72,643	77,694	74,899	75,366	60,456
198,303	72,232	77,269	74,522	74,963	60,310
199,303	71,900	76,883	74,157	74,654	60,145
200,302	71,531	76,513	73,842	74,233	59,924
201,302	71,169	76,204	73,479	73,959	59,578
202,302	70,870	75,780	73,120	73,576	59,306
203,302	70,608	75,419	72,825	73,267	59,087
204,303	70,402	75,052	72,414	72,925	58,771
