Time (s)	TC1 (C)	TC2 (C)	TC3 (C)	TC4 (C)	TC5 (C)
109,780	29,970	30,694	32,002	32,905	32,423
110,782	29,902	30,647	31,944	32,894	32,408
111,780	29,876	30,638	31,992	32,901	32,395
112,779	29,782	30,538	31,925	32,872	32,335
113,781	29,745	30,542	31,933	32,795	32,324
114,780	39,481	35,569	33,199	32,813	32,487
115,782	48,388	49,621	33,422	32,888	32,569
116,780	56,789	63,492	33,793	32,936	32,627
117,780	65,380	76,358	34,458	32,997	32,752
118,780	74,220	88,114	35,221	33,156	32,816
119,780	82,859	99,102	36,161	33,179	32,769
120,781	93,391	109,189	37,596	33,221	32,734
121,781	100,551	118,590	38,643	33,255	32,810
122,780	108,326	127,190	39,542	33,308	32,658
123,781	114,761	135,265	38,122	33,433	32,837
124,780	121,461	142,559	38,111	33,469	32,906
125,781	128,108	149,453	38,630	33,498	32,739
126,779	134,386	155,743	39,055	33,538	32,921
127,780	140,119	161,769	39,312	33,465	32,800
128,780	145,285	167,505	39,779	33,603	32,917
129,781	149,820	173,056	40,242	33,623	32,712
130,779	154,080	178,284	40,543	33,699	32,890
131,781	158,774	183,283	40,940	33,618	32,878
132,779	163,956	188,438	41,298	33,743	32,686
133,781	168,841	193,295	41,466	33,802	32,912
134,780	173,563	198,095	41,841	33,794	32,857
135,781	178,279	202,695	42,373	33,864	33,049
136,781	182,577	207,083	42,583	33,890	32,883
137,780	186,662	211,201	42,886	33,839	32,798
138,779	190,466	215,055	43,232	33,912	32,930
139,780	194,031	218,510	43,670	33,960	32,911
140,782	197,434	222,002	43,759	33,927	32,858
141,780	200,871	224,975	43,879	33,973	32,814
142,780	204,534	227,492	44,431	34,037	32,641
143,781	206,600	224,087	43,834	33,967	32,523
144,782	206,090	217,421	43,460	33,954	32,530
145,779	204,471	210,661	43,063	33,875	32,487
146,781	202,255	204,148	42,686	33,809	32,505
147,780	199,845	198,030	42,392	33,835	32,474
148,781	197,036	192,148	42,186	33,805	32,419
149,781	194,303	186,664	41,945	33,730	32,380
150,780	191,522	181,483	41,761	33,701	32,411
151,782	188,653	176,614	41,541	33,675	32,351
152,779	185,648	171,983	41,422	33,585	32,350
153,781	182,736	167,615	41,276	33,648	32,388
154,780	179,729	163,420	41,181	33,549	32,274
155,780	176,915	159,517	41,127	33,497	32,296
156,780	174,060	155,791	40,990	33,564	32,285
157,780	171,331	152,284	40,980	33,500	32,329
158,780	168,530	148,751	40,844	33,418	32,184
159,780	165,922	145,550	40,863	33,475	32,226
160,779	163,379	142,412	40,772	33,346	32,164
161,781	160,933	139,315	40,777	33,379	32,233
162,781	158,472	136,405	40,794	33,367	32,128
163,782	156,176	133,613	40,654	33,322	32,095
164,781	153,801	130,980	40,656	33,307	32,005
165,781	151,629	128,452	40,702	33,316	32,026
166,779	149,448	126,022	40,653	33,319	32,066
167,780	147,353	123,688	40,660	33,297	32,097
168,780	145,327	121,433	40,709	33,283	32,050
169,781	143,410	119,334	40,760	33,297	32,067
170,779	141,653	117,345	40,723	33,269	32,028
171,779	140,013	115,523	40,735	33,256	32,025
172,781	138,408	113,735	40,742	33,220	31,987
173,779	136,982	112,109	40,775	33,206	31,990
174,780	135,569	110,529	40,796	33,203	32,031
175,780	134,294	109,059	40,806	33,169	31,920
176,779	133,100	107,705	40,822	33,216	31,990
177,780	131,807	106,417	40,855	33,181	31,939
178,780	130,512	105,128	40,883	33,154	31,926
179,781	129,256	103,878	40,885	33,086	31,897
180,780	128,058	102,735	40,943	33,089	31,928
181,781	126,892	101,576	40,971	33,117	31,907
182,780	125,707	100,502	40,985	33,061	31,888
183,781	124,640	99,447	41,035	33,048	31,881
184,780	123,500	98,390	41,045	32,969	31,838
185,779	122,511	97,445	41,086	33,032	31,814
186,780	121,445	96,469	41,117	33,112	31,844
187,781	120,366	95,552	41,114	33,042	31,807
188,779	119,382	94,639	41,105	33,047	31,802
189,780	118,344	93,789	41,121	32,977	31,769
190,781	117,347	92,924	41,196	33,031	31,809
191,780	116,355	92,166	41,160	32,981	31,738
192,779	115,369	91,419	41,254	33,012	31,786
193,780	114,384	90,727	41,263	33,013	31,753
194,780	113,352	89,997	41,264	32,954	31,723
195,779	112,557	89,281	41,278	32,960	31,723
196,780	111,681	88,692	41,380	33,024	31,780
197,781	110,840	87,952	41,367	32,967	31,656
198,780	110,027	87,387	41,355	32,936	31,690
199,780	109,228	86,811	41,401	32,934	31,748
200,779	108,463	86,217	41,502	32,974	31,699
201,778	107,599	85,630	41,435	32,930	31,723
202,779	106,755	85,126	41,454	32,958	31,678
203,781	105,997	84,523	41,523	32,946	31,698
204,780	105,311	84,053	41,509	32,954	31,662
205,779	104,510	83,404	41,489	32,968	31,641
206,780	103,775	82,894	41,521	32,889	31,568
207,781	103,070	82,466	41,565	32,911	31,566
208,779	102,298	81,969	41,527	32,890	31,512
209,779	101,590	81,465	41,619	32,906	31,531
210,781	100,833	80,955	41,564	32,816	31,474
211,778	100,278	80,522	41,657	32,941	31,570
212,779	99,552	79,982	41,604	32,880	31,451
213,779	99,011	79,541	41,626	32,886	31,459
214,780	98,475	79,140	41,645	32,900	31,477
215,779	97,816	78,702	41,674	32,868	31,470
216,779	97,273	78,253	41,607	32,870	31,400
217,780	96,795	77,941	41,655	32,909	31,459
218,778	96,295	77,465	41,706	32,937	31,432
219,778	95,750	77,046	41,619	32,941	31,414
220,780	95,241	76,746	41,679	32,869	31,403
221,778	94,700	76,275	41,665	32,860	31,374
222,781	94,178	75,886	41,697	32,900	31,386
223,779	93,660	75,548	41,681	32,913	31,352
224,780	93,171	75,183	41,727	32,910	31,341
225,779	92,629	74,834	41,672	32,865	31,323
226,780	92,188	74,546	41,669	32,857	31,338
227,779	91,712	74,135	41,632	32,861	31,256
228,781	91,316	73,815	41,629	32,865	31,273
229,780	90,815	73,477	41,657	32,890	31,329
230,779	90,400	73,232	41,677	32,961	31,273
231,781	89,869	72,911	41,661	32,887	31,315
232,780	89,480	72,595	41,605	32,870	31,251
233,781	89,041	72,263	41,571	32,891	31,246
234,779	88,660	71,966	41,629	32,856	31,257
235,779	88,256	71,655	41,545	32,874	31,238
236,782	87,923	71,457	41,600	32,901	31,228
237,778	87,513	71,158	41,623	32,844	31,212
238,779	87,155	70,929	41,613	32,944	31,269
239,778	86,724	70,588	41,608	32,925	31,261
240,780	86,293	70,333	41,566	32,946	31,242
241,779	85,950	70,065	41,591	32,924	31,208
242,779	85,571	69,879	41,564	32,960	31,263
243,780	85,200	69,543	41,536	32,956	31,169
244,779	84,875	69,328	41,564	32,948	31,265
245,779	84,504	69,094	41,469	32,956	31,175
246,779	84,180	68,829	41,525	32,901	31,158
247,778	83,837	68,654	41,475	32,969	31,222
248,778	83,486	68,356	41,418	32,923	31,144
249,778	83,187	68,248	41,459	32,954	31,227
250,780	82,875	67,962	41,429	32,961	31,083
251,780	82,554	67,761	41,401	32,955	31,221
252,779	82,238	67,535	41,401	32,921	31,123
253,780	81,927	67,294	41,438	32,923	31,149
254,779	81,641	67,106	41,359	32,955	31,136
255,779	81,377	66,937	41,389	32,947	31,144
256,780	81,116	66,767	41,394	32,997	31,166
257,780	80,783	66,555	41,330	33,035	31,134
258,780	80,579	66,382	41,326	33,042	31,120
259,779	80,275	66,171	41,341	32,970	31,135
260,780	79,930	65,983	41,275	32,978	31,082
261,779	79,715	65,764	41,295	32,920	31,073
262,780	79,424	65,618	41,256	32,964	31,055
263,778	79,164	65,379	41,244	33,007	31,067
264,778	78,952	65,323	41,257	33,066	31,060
265,778	78,767	65,199	41,251	33,076	31,117
266,779	78,429	64,943	41,202	33,005	31,039
267,779	78,116	64,824	41,156	32,998	31,063
268,781	77,886	64,597	41,122	33,035	31,083
269,779	77,582	64,438	41,173	33,062	31,059
270,779	77,282	64,273	41,112	33,017	31,071
271,779	77,072	64,096	41,050	33,087	31,090
272,779	76,783	63,888	41,073	33,083	31,040
273,778	76,586	63,765	41,096	33,051	31,045
274,780	76,409	63,617	41,049	33,064	31,077
275,779	76,266	63,549	41,113	33,088	31,101
276,780	75,922	63,331	41,038	33,060	31,058
277,779	75,738	63,148	41,014	33,059	30,996
278,780	75,553	63,060	40,972	33,062	31,021
279,780	75,316	62,874	40,986	33,088	30,998
280,779	75,085	62,732	40,997	33,086	31,066
281,778	74,844	62,615	40,925	33,097	31,032
282,778	74,629	62,476	40,922	33,109	31,016
283,780	74,350	62,282	40,836	33,104	30,941
284,779	74,255	62,187	40,926	33,144	31,038
285,778	73,949	61,986	40,834	33,109	30,957
286,778	73,807	61,913	40,873	33,132	31,032
287,779	73,604	61,669	40,801	33,109	30,997
288,779	73,342	61,590	40,851	33,125	30,969
289,779	73,172	61,409	40,810	33,140	31,014
290,780	72,950	61,278	40,772	33,088	31,019
291,777	72,796	61,162	40,777	33,144	31,001
292,778	72,602	60,974	40,711	33,171	30,948
293,778	72,432	60,869	40,757	33,158	30,943
294,779	72,217	60,780	40,743	33,123	30,912
295,778	71,970	60,542	40,721	33,102	30,906
296,779	71,833	60,396	40,639	33,180	30,958
297,780	71,637	60,271	40,647	33,197	30,917
298,779	71,435	60,123	40,589	33,167	30,884
299,778	71,201	59,982	40,620	33,109	30,855
300,779	71,017	59,847	40,571	33,137	30,880
301,779	70,878	59,664	40,510	33,188	30,851
302,780	70,686	59,611	40,495	33,144	30,899
303,777	70,531	59,524	40,543	33,183	30,893
304,779	70,284	59,369	40,551	33,185	30,949
305,778	70,181	59,269	40,555	33,212	30,896
306,779	69,930	59,085	40,500	33,202	30,932
307,780	69,729	58,981	40,481	33,240	30,904
308,778	69,563	58,853	40,497	33,170	30,918
309,778	69,361	58,696	40,426	33,158	30,839
310,779	69,193	58,578	40,423	33,251	30,914
311,778	69,031	58,437	40,368	33,183	30,846
312,778	68,885	58,309	40,389	33,171	30,876
313,779	68,670	58,605	40,923	33,196	31,025
314,779	68,666	62,709	46,730	33,630	31,181
315,780	68,724	67,898	54,476	34,223	31,253
316,780	68,867	73,504	62,784	34,796	31,546
317,779	69,021	79,261	70,953	35,261	31,544
318,779	69,171	84,910	78,952	35,677	31,577
319,778	69,379	90,429	86,511	36,122	31,944
320,780	69,547	95,865	94,089	36,614	31,856
321,778	69,654	100,944	101,331	36,885	31,940
322,778	69,899	105,994	108,194	37,394	31,979
323,780	70,106	110,777	114,878	37,741	32,123
324,778	70,277	115,389	120,960	38,145	32,392
325,779	70,447	119,748	126,946	38,430	32,280
326,781	70,625	123,968	132,640	38,822	32,339
327,780	70,844	127,957	138,153	39,203	32,457
328,779	70,954	131,707	143,694	39,491	32,390
329,779	71,104	135,362	151,302	39,790	32,884
330,779	71,248	138,749	155,755	40,140	32,567
331,779	71,428	141,983	159,494	40,500	32,631
332,780	71,656	145,067	163,865	40,788	32,664
333,780	71,829	147,916	168,367	41,047	32,981
334,781	72,035	150,697	172,799	41,364	32,942
335,779	72,236	153,299	177,246	41,666	32,959
336,781	72,368	155,739	181,327	41,895	32,932
337,782	72,652	158,019	185,281	42,165	32,897
338,781	72,738	160,249	189,053	42,459	32,836
339,780	73,048	162,409	192,670	42,762	33,170
340,782	73,209	164,508	196,358	43,085	33,131
341,781	73,385	166,408	199,802	43,233	33,110
342,781	73,648	168,302	203,883	43,512	33,255
343,781	73,846	170,246	207,729	43,869	33,102
344,780	73,999	171,909	210,940	44,090	33,371
345,780	74,221	173,638	214,105	44,337	33,254
346,781	74,428	175,300	217,727	44,610	33,378
347,781	74,610	176,956	220,583	44,830	33,277
348,782	74,870	178,582	223,489	45,062	33,336
349,781	75,105	180,203	226,379	45,392	33,461
350,783	75,255	180,007	225,605	45,346	33,107
351,781	75,232	178,407	221,709	45,131	33,022
352,782	75,117	176,311	217,191	44,897	32,932
353,780	75,064	174,005	212,734	44,762	32,929
354,780	74,873	171,419	208,280	44,572	32,810
355,781	74,907	168,924	204,052	44,509	32,787
356,782	74,774	166,311	199,922	44,376	32,784
357,782	74,665	163,787	195,882	44,289	32,746
358,782	74,545	161,392	192,107	44,258	32,695
359,782	74,512	159,066	188,547	44,190	32,676
360,781	74,470	156,842	185,135	44,196	32,634
361,782	74,389	154,744	181,907	44,189	32,580
362,782	74,349	152,688	178,810	44,203	32,534
363,783	74,272	150,777	175,782	44,218	32,540
364,783	74,162	148,894	172,942	44,240	32,465
365,782	74,073	147,127	170,252	44,283	32,478
366,783	74,025	145,347	167,510	44,310	32,356
367,783	73,949	143,709	164,958	44,293	32,373
368,782	73,964	142,136	162,528	44,426	32,412
369,782	73,797	140,600	160,066	44,434	32,357
370,782	73,851	139,084	157,699	44,507	32,339
371,783	73,774	137,717	155,545	44,532	32,311
372,782	73,705	136,246	153,351	44,560	32,301
373,783	73,737	134,914	151,177	44,646	32,297
374,784	73,720	133,563	149,224	44,672	32,246
375,783	73,667	132,255	147,195	44,739	32,294
376,783	73,676	130,915	145,268	44,728	32,260
377,782	73,639	129,658	143,392	44,857	32,237
378,784	73,579	128,481	141,581	44,909	32,251
379,784	73,536	127,254	139,750	44,982	32,215
380,782	73,542	126,162	138,065	45,022	32,189
381,783	73,414	125,007	136,362	45,037	32,175
382,783	73,490	124,047	134,851	45,208	32,316
383,783	73,427	123,012	133,270	45,248	32,292
384,783	73,479	121,940	131,720	45,218	32,238
385,783	73,427	120,980	130,228	45,280	32,211
386,784	73,446	120,067	128,811	45,334	32,257
387,783	73,408	119,164	127,460	45,427	32,334
388,783	73,453	118,282	126,149	45,514	32,223
389,784	73,434	117,364	124,821	45,559	32,242
390,785	73,423	116,535	123,553	45,614	32,233
391,783	73,373	115,672	122,333	45,694	32,282
392,783	73,422	114,939	121,153	45,738	32,269
393,784	73,314	114,172	119,985	45,773	32,285
394,784	73,303	113,521	118,861	45,871	32,325
395,785	73,216	112,890	117,754	45,930	32,332
396,785	73,234	112,199	116,639	45,969	32,327
397,784	73,210	111,576	115,507	46,016	32,365
398,784	73,211	110,922	114,405	45,994	32,336
399,784	73,241	110,362	113,268	45,986	32,332
400,784	73,189	109,678	112,170	46,018	32,303
401,784	73,194	109,203	111,066	46,013	32,369
402,784	73,111	108,538	109,963	45,995	32,385
403,784	73,125	107,952	108,890	46,016	32,340
404,784	73,082	107,384	107,973	46,003	32,369
405,784	73,152	106,920	107,014	46,046	32,452
406,785	73,052	106,376	105,995	45,969	32,407
407,785	73,065	105,876	105,123	45,967	32,414
408,786	73,132	105,439	104,266	46,060	32,456
409,785	73,031	104,826	103,400	45,974	32,453
410,785	73,044	104,334	102,592	45,967	32,525
411,784	73,060	103,881	101,785	45,980	32,475
412,786	73,104	103,428	101,031	45,965	32,509
413,785	73,109	103,044	100,251	45,949	32,531
414,787	73,096	102,560	99,512	45,922	32,525
415,787	73,098	102,159	98,836	45,919	32,569
416,787	73,113	101,749	98,112	45,891	32,631
417,785	73,142	101,345	97,484	45,964	32,663
418,785	73,115	100,880	96,771	45,804	32,656
419,787	73,057	100,455	96,179	45,845	32,640
420,788	73,099	100,057	95,519	45,846	32,705
421,785	73,043	99,599	94,865	45,759	32,639
422,787	73,058	99,285	94,295	45,778	32,675
423,786	73,022	98,847	93,764	45,754	32,723
424,787	73,036	98,450	93,219	45,685	32,738
425,786	72,981	98,140	92,660	45,761	32,761
426,787	72,964	97,738	92,129	45,692	32,779
427,786	72,970	97,350	91,602	45,616	32,770
428,786	72,949	96,996	91,071	45,618	32,734
429,786	72,955	96,674	90,621	45,695	32,864
430,787	72,996	96,286	90,112	45,635	32,836
431,786	72,888	95,993	89,715	45,610	32,831
432,788	72,912	95,609	89,173	45,589	32,862
433,788	72,817	95,329	88,732	45,513	32,824
434,788	72,781	94,970	88,288	45,537	32,881
435,787	72,787	94,685	87,867	45,512	32,914
436,786	72,808	94,412	87,468	45,573	32,998
437,787	72,737	94,042	86,966	45,446	32,944
438,788	72,757	93,792	86,618	45,428	33,001
439,788	72,726	93,452	86,197	45,393	33,068
440,787	72,723	93,175	85,847	45,415	33,093
441,787	72,635	92,870	85,409	45,368	33,149
442,787	72,559	92,618	85,029	45,302	33,086
443,788	72,543	92,340	84,686	45,353	33,132
444,787	72,449	92,006	84,267	45,243	33,163
445,788	72,510	91,803	83,977	45,272	33,189
446,789	72,502	91,577	83,630	45,289	33,279
447,787	72,409	91,266	83,278	45,247	33,240
448,789	72,427	91,053	82,957	45,210	33,296
449,789	72,407	90,828	82,618	45,200	33,341
450,788	72,416	90,551	82,234	45,144	33,347
451,788	72,435	90,339	81,975	45,219	33,362
452,789	72,397	90,026	81,638	45,137	33,384
453,788	72,347	89,776	81,369	45,132	33,424
454,789	72,333	89,549	81,076	45,088	33,487
455,788	72,275	89,283	80,757	45,042	33,440
456,788	72,241	89,038	80,421	45,016	33,406
457,788	72,265	88,837	80,189	44,996	33,532
458,788	72,228	88,667	79,899	45,034	33,498
459,788	72,147	88,342	79,541	44,963	33,574
460,788	72,129	88,159	79,298	44,932	33,552
461,789	72,083	87,954	79,010	44,922	33,650
462,790	72,041	87,726	78,749	44,910	33,603
463,789	71,958	87,481	78,505	44,901	33,679
464,790	72,025	87,321	78,232	44,866	33,691
465,788	71,932	87,028	77,919	44,825	33,677
466,789	71,947	86,825	77,699	44,841	33,786
467,789	71,880	86,615	77,413	44,780	33,781
468,790	71,849	86,459	77,172	44,770	33,832
469,790	71,753	86,249	76,932	44,809	33,914
470,790	71,712	86,016	76,687	44,742	33,925
471,789	71,730	85,851	76,471	44,716	33,928
472,791	71,617	85,682	76,246	44,687	33,915
473,791	71,556	85,520	76,015	44,679	33,962
474,790	71,553	85,340	75,779	44,674	34,000
475,790	71,484	85,192	75,545	44,642	34,041
476,790	71,399	84,997	75,330	44,623	34,078
477,790	71,399	84,791	75,105	44,593	34,094
478,790	71,393	84,652	74,885	44,573	34,099
479,791	71,338	84,447	74,663	44,586	34,108
480,790	71,329	84,268	74,418	44,522	34,144
481,791	71,219	84,076	74,290	44,498	34,201
482,790	71,225	83,888	74,030	44,563	34,273
483,791	71,124	83,698	73,765	44,494	34,239
484,791	71,151	83,580	73,603	44,449	34,263
485,790	71,088	83,411	73,395	44,472	34,259
486,791	71,054	83,229	73,181	44,420	34,298
487,791	70,994	83,012	72,956	44,363	34,295
488,791	70,941	82,860	72,752	44,316	34,259
489,792	70,903	82,753	72,564	44,356	34,344
490,791	70,883	82,535	72,440	44,295	34,380
491,790	70,857	82,425	72,272	44,315	34,411
492,791	70,749	82,213	72,007	44,252	34,344
493,793	70,800	82,124	71,837	44,245	34,441
494,791	70,703	81,881	71,648	44,222	34,361
495,792	70,628	81,771	71,452	44,227	34,478
496,791	70,574	81,556	71,247	44,112	34,407
497,791	70,518	81,462	71,065	44,148	34,420
498,792	70,495	81,283	70,896	44,122	34,508
499,793	70,522	81,131	70,734	44,132	34,551
500,792	70,478	80,979	70,532	44,089	34,573
501,791	70,524	80,903	70,393	44,075	34,611
502,792	70,441	80,707	70,230	44,058	34,622
503,791	70,496	80,593	70,033	44,108	34,733
504,792	70,401	80,435	69,847	43,949	34,639
505,794	70,404	80,363	69,783	44,017	34,724
506,792	70,384	80,219	69,622	43,996	34,816
507,791	70,233	80,049	69,379	43,959	34,787
508,792	70,245	79,872	69,190	43,941	34,826
509,793	70,192	79,752	69,035	43,898	34,756
510,792	70,097	79,561	68,918	43,923	34,785
511,795	70,062	79,458	68,731	43,870	34,814
512,792	69,968	79,329	68,600	43,853	34,851
513,793	69,990	79,234	68,463	43,919	34,870
514,793	69,941	79,054	68,326	43,903	34,934
515,793	69,861	78,898	68,131	43,829	34,925
516,793	69,768	78,771	67,982	43,774	34,942
517,794	69,735	78,707	67,840	43,787	34,950
518,794	69,721	78,583	67,685	43,809	35,031
519,794	69,643	78,401	67,549	43,747	35,036
520,793	69,609	78,240	67,385	43,723	35,024
521,792	69,494	78,146	67,212	43,721	35,004
522,794	69,493	78,062	67,102	43,707	35,143
523,793	69,435	77,899	66,975	43,648	35,145
524,795	69,375	77,773	66,852	43,689	35,112
525,794	69,387	77,643	66,666	43,637	35,208
526,793	69,327	77,510	66,538	43,606	35,230
527,794	69,289	77,374	66,398	43,612	35,144
528,794	69,216	77,241	66,288	43,581	35,201
529,794	69,201	77,089	66,124	43,535	35,212
530,793	69,177	76,982	65,981	43,483	35,218
531,794	69,129	76,840	65,911	43,485	35,228
532,795	69,082	76,735	65,680	43,532	35,247
533,794	69,026	76,498	65,519	43,421	35,256
534,794	69,034	76,467	65,470	43,508	35,313
535,794	69,039	76,316	65,298	43,517	35,369
536,795	69,015	76,194	65,234	43,466	35,416
537,794	68,904	76,074	65,038	43,424	35,358
538,795	68,917	75,934	64,962	43,430	35,457
539,794	68,881	75,846	64,827	43,378	35,503
540,795	68,779	75,644	64,699	43,358	35,481
541,795	68,799	75,545	64,553	43,340	35,506
542,796	68,683	75,497	64,438	43,347	35,560
543,794	68,649	75,324	64,290	43,311	35,549
544,795	68,582	75,189	64,189	43,350	35,610
545,796	68,498	75,045	64,060	43,320	35,606
546,796	68,386	74,927	63,913	43,251	35,543
547,796	68,399	74,851	63,822	43,269	35,630
548,796	68,315	74,718	63,641	43,169	35,586
549,796	68,365	74,626	63,614	43,240	35,690
550,795	68,252	74,569	63,538	43,256	35,717
551,796	68,223	74,472	63,386	43,147	35,642
552,797	68,225	74,342	63,251	43,144	35,658
553,795	68,066	74,222	63,133	43,127	35,588
554,796	67,964	74,112	63,044	43,101	35,678
555,796	67,946	73,928	62,879	43,143	35,698
556,798	67,842	73,910	62,812	43,087	35,726
557,796	67,783	73,745	62,693	43,113	35,747
558,797	67,646	73,627	62,573	43,044	35,677
559,796	67,553	73,521	62,445	43,033	35,685
560,797	67,445	73,372	62,321	42,989	35,769
561,797	67,482	73,295	62,232	43,057	35,771
562,796	67,483	73,173	62,119	42,963	35,747
563,796	67,457	73,063	62,034	42,949	35,720
564,797	67,466	73,036	61,941	42,939	35,799
565,796	67,409	72,865	61,777	42,972	35,804
566,796	67,348	72,785	61,715	42,868	35,805
567,797	67,314	72,640	61,624	42,896	35,843
568,798	67,281	72,552	61,506	42,903	35,858
569,798	67,251	72,481	61,430	42,849	35,823
570,796	67,146	72,338	61,335	42,866	35,859
571,797	67,036	72,225	61,239	42,819	35,900
572,798	66,970	72,140	61,104	42,802	35,886
573,798	66,884	72,013	61,019	42,752	35,789
574,796	66,892	71,952	60,955	42,789	35,923
575,799	66,791	71,852	60,776	42,788	35,942
576,798	66,724	71,703	60,741	42,692	35,963
577,799	66,624	71,609	60,597	42,663	35,981
578,799	66,512	71,557	60,445	42,699	35,962
579,798	66,400	71,426	60,373	42,653	36,008
580,798	66,357	71,323	60,309	42,645	35,973
581,798	66,221	71,184	60,196	42,659	35,993
582,798	66,223	71,076	60,088	42,635	35,989
583,799	66,165	71,000	59,964	42,672	36,060
584,798	66,165	70,876	59,890	42,571	36,019
585,798	66,127	70,774	59,792	42,564	36,037
586,797	66,066	70,684	59,751	42,551	36,045
587,799	66,050	70,567	59,651	42,584	36,111
588,797	66,027	70,475	59,548	42,527	36,041
589,798	65,862	70,408	59,384	42,513	36,099
590,799	65,848	70,321	59,321	42,489	36,116
591,800	65,784	70,279	59,269	42,460	36,097
592,799	65,682	70,148	59,185	42,469	36,136
593,800	65,649	70,007	59,068	42,454	36,166
594,800	65,617	69,932	58,993	42,439	36,197
595,800	65,494	69,795	58,852	42,412	36,146
596,799	65,518	69,680	58,840	42,438	36,242
597,800	65,500	69,606	58,755	42,384	36,257
598,799	65,395	69,438	58,625	42,350	36,163
599,799	65,396	69,396	58,522	42,391	36,222
600,799	65,245	69,237	58,461	42,303	36,252
601,800	65,276	69,164	58,381	42,298	36,256
602,800	65,207	69,012	58,253	42,210	36,278
603,800	65,163	68,977	58,214	42,334	36,316
604,800	65,045	68,861	66,944	43,580	48,223
605,800	65,065	69,204	75,869	52,191	55,444
606,800	64,954	69,432	81,432	62,641	57,254
607,801	64,986	69,665	87,432	73,356	56,038
608,801	65,007	69,987	93,619	83,731	57,923
609,801	64,928	70,203	98,689	93,709	58,235
610,803	65,009	70,389	107,606	103,118	58,613
611,800	65,000	70,600	112,927	112,072	60,814
612,801	64,944	70,759	118,946	120,421	60,481
613,801	64,890	70,907	124,447	128,090	59,831
614,799	64,936	71,081	128,943	135,431	59,606
615,799	64,927	71,256	134,964	142,347	60,492
616,801	64,904	71,421	141,138	148,788	60,208
617,799	64,990	71,597	145,278	154,934	61,626
618,801	64,897	71,611	151,467	160,711	60,147
619,800	64,914	71,765	156,971	166,543	62,922
620,801	64,788	71,859	158,437	172,241	63,210
621,800	64,846	71,925	164,208	177,914	63,951
622,799	64,739	72,021	165,521	183,615	65,363
623,799	64,728	72,180	171,677	189,010	64,025
624,800	64,639	72,233	174,205	194,170	64,786
625,801	64,676	72,426	177,287	199,175	65,348
626,801	64,637	72,553	178,177	203,978	63,364
627,800	64,498	72,609	181,400	208,497	62,871
628,802	64,587	72,741	186,448	212,930	65,238
629,801	64,521	72,847	188,425	216,989	65,437
630,801	64,434	72,972	191,643	220,845	66,535
631,800	64,362	72,960	184,312	223,438	55,592
632,799	64,303	72,692	177,793	220,524	47,503
633,801	64,160	72,420	176,137	215,635	47,458
634,800	64,065	72,180	174,093	210,555	47,461
635,801	64,021	71,935	171,923	205,435	47,438
636,800	63,910	71,748	169,675	200,574	47,452
637,800	63,888	71,561	167,343	195,895	47,419
638,799	63,831	71,414	164,977	191,455	47,490
639,801	63,756	71,215	162,587	187,109	47,489
640,800	63,675	70,985	160,208	183,141	47,315
641,800	63,616	70,835	157,934	179,360	47,319
642,800	63,585	70,728	155,743	175,721	47,314
643,801	63,528	70,576	153,773	172,436	47,402
644,800	63,533	70,474	151,916	169,350	47,447
645,799	63,474	70,360	150,171	166,456	47,544
646,801	63,438	70,264	148,560	163,829	47,648
647,799	63,377	70,151	147,002	161,288	47,713
648,800	63,311	70,017	145,432	158,875	47,821
649,800	63,230	69,914	143,934	156,485	48,034
650,799	63,169	69,919	142,558	154,227	48,175
651,800	63,058	69,796	141,079	152,019	48,313
652,801	63,002	69,730	139,784	149,877	48,515
653,800	62,907	69,682	138,478	147,881	48,655
654,800	62,936	69,588	137,140	145,835	48,795
655,801	62,801	69,465	135,872	143,799	48,897
656,800	62,721	69,423	134,558	141,864	49,020
657,799	62,604	69,336	133,256	140,027	49,135
658,801	62,528	69,299	132,049	138,237	49,295
659,800	62,439	69,133	130,806	136,527	49,390
660,801	62,280	69,090	129,660	134,938	49,669
661,800	62,203	68,978	128,463	133,362	49,794
662,800	62,034	68,944	127,357	131,886	49,967
663,801	61,891	68,853	126,191	130,394	50,175
664,800	61,812	68,867	125,207	129,042	50,392
665,799	61,687	68,741	124,124	127,711	50,530
666,799	61,581	68,598	123,099	126,354	50,745
667,800	61,409	68,540	122,068	125,068	50,953
668,800	61,318	68,409	121,082	123,807	51,077
669,800	61,245	68,331	120,109	122,596	51,267
670,799	61,207	68,210	119,172	121,391	51,392
671,800	61,256	68,136	118,305	120,243	51,590
672,801	61,261	68,061	117,466	119,123	51,789
673,800	61,114	68,089	116,643	118,076	51,892
674,799	61,020	68,002	115,769	117,036	52,115
675,799	61,021	67,966	115,019	115,995	52,273
676,801	60,893	67,898	114,158	114,945	52,387
677,800	60,825	67,747	113,398	113,955	52,557
678,799	60,700	67,722	112,727	113,073	52,790
679,800	60,540	67,634	111,903	112,122	52,900
680,798	60,456	67,557	111,188	111,244	53,026
681,799	60,492	67,548	110,520	110,364	53,215
682,799	60,402	67,451	109,753	109,425	53,229
683,801	60,413	67,380	109,112	108,579	53,398
684,799	60,425	67,405	108,450	107,852	53,546
685,800	60,304	67,274	107,847	107,036	53,712
686,799	60,140	67,215	107,193	106,278	53,825
687,798	60,013	67,238	106,625	105,482	53,958
688,801	59,854	67,166	105,936	104,767	54,135
689,798	59,629	67,110	105,333	104,054	54,191
690,798	59,550	67,052	104,800	103,364	54,300
691,800	59,502	67,018	104,225	102,707	54,421
692,800	59,370	67,048	103,701	102,093	54,608
693,800	59,340	67,068	103,210	101,388	54,684
694,800	59,282	66,976	102,633	100,717	54,776
695,799	59,199	66,949	102,112	100,094	54,833
696,799	59,029	66,880	101,574	99,371	54,923
697,801	59,024	66,889	101,104	98,742	54,996
698,798	58,941	66,849	100,495	98,024	55,117
699,799	58,912	66,878	100,016	97,427	55,150
700,801	58,859	66,879	99,519	96,764	55,238
701,798	58,791	66,855	99,012	96,122	55,351
702,800	58,724	66,825	98,572	95,519	55,391
703,800	58,633	66,732	98,067	94,885	55,439
704,801	58,591	66,683	97,619	94,333	55,466
705,800	58,610	66,618	97,154	93,745	55,514
706,800	58,502	66,517	96,690	93,102	55,519
707,799	58,461	66,418	96,307	92,538	55,615
708,800	58,417	66,418	95,816	91,911	55,546
709,799	58,303	66,310	95,391	91,346	55,633
710,801	58,281	66,306	95,017	90,831	55,680
711,800	58,177	66,317	94,633	90,354	55,692
712,800	58,050	66,328	94,162	89,791	55,666
713,800	57,997	66,376	93,855	89,368	55,752
714,799	57,965	66,423	93,455	88,928	55,747
715,799	57,900	66,422	93,141	88,387	55,746
716,799	57,866	66,436	92,816	88,004	55,814
717,798	57,784	66,477	92,522	87,548	55,823
718,799	57,776	66,449	92,108	87,072	55,852
719,800	57,751	66,523	91,855	86,710	55,904
720,800	57,640	66,504	91,522	86,293	55,912
721,798	57,609	66,450	91,212	85,882	55,974
722,800	57,598	66,509	90,900	85,493	55,970
723,799	57,530	66,376	90,591	85,035	55,913
724,798	57,575	66,527	90,336	84,755	56,021
725,799	57,617	66,408	90,065	84,320	55,980
726,800	57,547	66,290	89,743	83,940	56,018
727,798	57,544	66,314	89,499	83,636	55,979
728,799	57,545	66,256	89,237	83,258	56,012
729,799	57,528	66,233	88,951	82,910	56,026
730,799	57,504	66,153	88,664	82,518	55,952
731,799	57,531	66,229	88,491	82,248	56,011
732,799	57,438	66,197	88,181	81,854	56,022
733,798	57,482	66,161	87,888	81,543	56,028
734,799	57,445	66,191	87,669	81,265	55,996
735,798	57,457	66,140	87,404	80,882	55,979
736,798	57,411	66,103	87,144	80,566	56,015
737,800	57,382	66,122	86,902	80,327	56,004
738,799	57,398	66,051	86,703	80,042	56,022
739,799	57,325	66,019	86,450	79,759	55,996
740,799	57,316	66,001	86,211	79,406	55,987
741,800	57,266	65,976	85,960	79,111	56,014
742,799	57,266	65,924	85,786	78,884	56,004
743,800	57,285	65,922	85,507	78,588	55,942
744,800	57,235	65,840	85,362	78,344	56,006
745,799	57,301	65,831	85,162	78,082	55,981
746,799	57,199	65,716	84,891	77,807	55,967
747,798	57,274	65,688	84,679	77,525	55,896
748,798	57,297	65,624	84,453	77,253	55,929
749,799	57,322	65,479	84,176	76,972	55,828
750,799	57,306	65,540	84,026	76,710	55,915
751,799	57,262	65,459	83,796	76,526	55,877
752,800	57,173	65,368	83,532	76,216	55,860
753,799	57,101	65,223	83,304	75,923	55,914
754,800	57,101	65,219	83,153	75,780	55,913
755,798	57,048	65,148	82,933	75,505	55,877
756,799	57,077	65,102	82,806	75,358	55,961
757,798	57,018	65,059	82,653	75,090	55,909
758,798	56,945	65,003	82,375	74,837	55,866
759,800	56,918	64,979	82,189	74,657	55,888
760,800	56,893	64,927	81,961	74,402	55,834
761,800	56,913	64,973	81,836	74,189	55,854
762,799	56,806	64,901	81,607	73,976	55,807
763,800	56,786	64,841	81,427	73,782	55,812
764,799	56,743	64,843	81,298	73,574	55,784
765,800	56,688	64,867	81,126	73,355	55,838
766,799	56,580	64,801	80,926	73,153	55,687
767,798	56,596	64,837	80,764	73,013	55,743
768,798	56,545	64,737	80,555	72,798	55,700
769,799	56,410	64,728	80,351	72,560	55,741
770,799	56,342	64,635	80,172	72,346	55,636
771,799	56,402	64,710	80,073	72,233	55,689
772,799	56,362	64,599	79,937	72,049	55,654
773,798	56,242	64,604	79,715	71,848	55,594
774,797	56,214	64,552	79,545	71,659	55,546
775,798	56,235	64,517	79,407	71,492	55,531
776,799	56,157	64,396	79,179	71,257	55,464
777,799	56,179	64,447	79,082	71,185	55,452
778,799	56,169	64,317	78,865	70,956	55,401
779,798	56,121	64,277	78,763	70,784	55,413
780,800	56,191	64,225	78,620	70,628	55,381
781,798	56,212	64,194	78,505	70,505	55,343
782,799	56,148	64,153	78,303	70,317	55,274
783,800	56,150	64,113	78,159	70,149	55,260
784,799	56,200	64,084	78,022	69,999	55,252
785,797	56,204	64,107	77,904	69,875	55,257
786,800	56,216	64,082	77,744	69,714	55,219
787,799	56,217	64,041	77,541	69,543	55,160
788,798	56,106	64,014	77,434	69,403	55,091
789,799	56,098	63,976	77,289	69,227	55,121
790,798	56,047	63,931	77,113	69,083	55,062
791,798	56,047	63,926	76,980	68,961	55,092
792,798	55,950	63,809	76,794	68,757	54,996
793,798	55,853	63,782	76,648	68,643	54,958
794,798	55,836	63,817	76,600	68,509	54,974
795,798	55,818	63,744	76,415	68,378	54,929
796,797	55,798	63,647	76,280	68,221	54,872
797,799	55,750	63,616	76,154	68,089	54,857
798,799	55,680	63,604	75,955	67,894	54,732
799,797	55,651	63,572	75,853	67,811	54,739
800,800	55,649	63,479	75,721	67,684	54,706
801,798	55,585	63,472	75,513	67,537	54,653
802,799	55,557	63,384	75,444	67,450	54,659
803,799	55,572	63,402	75,312	67,266	54,578
804,798	55,578	63,349	75,236	67,192	54,624
805,799	55,576	63,324	75,096	67,020	54,550
806,798	55,535	63,262	74,923	66,851	54,593
807,799	55,530	63,296	74,832	66,777	54,569
808,798	55,536	63,282	74,657	66,600	54,534
809,798	55,550	63,233	74,568	66,518	54,496
810,797	55,488	63,149	74,409	66,376	54,467
811,800	55,511	63,128	74,319	66,285	54,428
812,798	55,449	63,059	74,163	66,128	54,344
813,797	55,458	63,044	74,073	66,047	54,343
814,800	55,475	62,949	73,893	65,913	54,275
815,799	55,520	62,910	73,793	65,779	54,232
816,797	55,546	62,900	73,698	65,702	54,300
817,798	55,527	62,791	73,544	65,519	54,197
818,798	55,385	62,754	73,429	65,414	54,178
819,799	55,403	62,708	73,326	65,339	54,152
820,798	55,296	62,638	73,146	65,184	54,077
821,797	55,259	62,622	73,050	65,075	54,048
822,798	55,263	62,551	72,960	64,987	54,061
823,798	55,306	62,639	72,903	64,935	54,090
824,798	55,241	62,513	72,743	64,716	53,893
825,798	55,285	62,520	72,644	64,661	53,923
826,798	55,343	62,539	72,579	64,620	53,916
827,797	55,279	62,484	72,480	64,424	53,831
828,798	55,287	62,488	72,343	64,358	53,772
829,799	55,256	62,428	72,258	64,285	53,769
830,798	55,218	62,385	72,074	64,110	53,699
831,799	55,216	62,330	71,989	64,042	53,670
832,799	55,150	62,308	71,879	63,939	53,654
833,800	55,159	62,251	71,732	63,771	53,581
834,797	55,161	62,175	71,654	63,748	53,631
835,799	55,118	62,144	71,526	63,602	53,565
836,798	55,054	62,128	71,417	63,539	53,526
837,798	54,993	62,001	71,283	63,403	53,463
838,798	54,891	61,993	71,168	63,269	53,454
839,797	54,860	61,924	71,007	63,193	53,349
840,797	54,801	61,861	70,886	63,130	53,321
841,799	54,867	61,847	70,899	63,037	53,321
842,798	54,785	61,831	70,766	62,925	53,299
843,797	54,739	61,761	70,635	62,828	53,254
844,799	54,688	61,697	70,576	62,757	53,207
845,798	54,676	61,674	70,396	62,617	53,111
846,798	54,692	61,626	70,342	62,587	53,107
847,798	54,747	61,574	70,154	62,443	53,033
848,799	54,758	61,615	70,176	62,338	53,039
849,797	54,730	61,522	70,029	62,283	52,972
850,798	54,710	61,509	69,955	62,221	53,018
851,797	54,587	61,426	69,833	62,038	52,897
852,797	54,644	61,474	69,730	62,026	52,895
853,798	54,539	61,413	69,611	61,928	52,872
854,799	54,540	61,339	69,461	61,730	52,816
855,797	54,468	61,289	69,400	61,731	52,804
856,798	54,434	61,244	69,294	61,596	52,771
857,798	54,408	61,195	69,212	61,525	52,747
858,797	54,347	61,177	69,111	61,485	52,689
859,797	54,302	61,128	68,976	61,340	52,683
860,798	54,283	61,165	68,909	61,238	52,631
861,798	54,224	61,106	68,823	61,217	52,582
862,796	54,193	60,962	68,685	61,061	52,529
863,797	54,178	60,940	68,575	60,957	52,511
864,798	54,212	60,921	68,508	60,891	52,412
865,798	54,247	60,937	68,390	60,836	52,326
866,798	54,225	60,797	68,295	60,673	52,226
867,798	54,267	60,786	68,205	60,642	52,223
868,799	54,336	60,844	68,143	60,579	52,214
869,798	54,349	60,772	68,059	60,481	52,153
870,799	54,271	60,755	67,969	60,421	52,157
871,797	54,217	60,728	67,813	60,271	52,086
872,797	54,186	60,696	79,162	66,046	75,164
873,798	54,290	60,733	84,688	76,425	83,604
874,797	54,248	60,789	83,602	86,567	92,700
875,797	54,233	60,854	81,110	96,380	99,150
876,797	54,255	60,797	84,080	105,591	108,754
877,798	54,188	60,865	84,833	114,177	116,238
878,796	54,222	60,842	84,468	122,177	128,806
879,798	54,194	60,790	84,944	129,565	133,662
880,797	54,178	60,824	84,677	136,378	138,998
881,798	54,232	60,889	84,220	142,956	149,726
882,798	54,182	60,927	85,230	148,966	153,859
883,797	54,143	60,936	84,389	154,740	158,582
884,799	54,174	60,865	86,667	160,481	166,417
885,797	54,084	60,914	86,571	165,996	174,016
886,796	54,047	60,807	84,078	171,254	179,630
887,798	53,997	60,876	86,904	176,338	184,678
888,799	54,060	60,808	88,893	181,129	189,876
889,797	54,018	60,758	87,143	185,841	193,381
890,797	53,975	60,728	86,651	190,392	198,344
891,798	54,003	60,732	86,450	194,685	200,698
892,797	53,976	60,685	89,021	198,654	205,807
893,799	53,871	60,750	86,722	202,338	209,077
894,796	53,867	60,764	87,884	205,809	213,641
895,797	53,855	60,756	87,206	209,032	220,982
896,796	53,873	60,775	88,215	212,077	224,556
897,799	53,800	60,825	88,456	214,843	227,460
898,797	53,779	60,778	89,230	217,405	232,037
899,798	53,729	60,801	88,442	219,887	236,883
900,796	53,756	60,849	89,735	222,318	237,464
901,796	53,688	60,823	88,586	224,483	235,830
902,797	53,716	60,773	75,330	222,547	219,694
903,796	53,752	60,719	75,047	218,203	217,965
904,797	53,684	60,636	74,669	213,622	215,384
905,797	53,627	60,547	74,354	209,062	212,458
906,798	53,636	60,521	74,154	204,780	209,540
907,799	53,522	60,456	73,808	200,644	206,466
908,796	53,551	60,346	73,665	196,685	203,467
909,797	53,446	60,274	73,407	192,910	200,408
910,797	53,520	60,298	73,290	189,407	197,576
911,797	53,468	60,151	73,091	185,867	194,580
912,797	53,496	60,086	72,949	182,621	191,818
913,797	53,416	60,030	72,788	179,429	189,061
914,797	53,432	59,979	72,641	176,443	186,378
915,797	53,437	59,950	72,561	173,539	183,702
916,798	53,322	59,776	72,345	170,788	181,089
917,796	53,355	59,795	72,330	168,114	178,661
918,797	53,347	59,719	72,199	165,531	176,206
919,797	53,239	59,664	72,166	163,089	173,897
920,796	53,183	59,559	71,988	160,713	171,595
921,796	53,197	59,504	71,907	158,444	169,357
922,797	53,170	59,479	71,877	156,293	167,262
923,796	53,180	59,395	71,761	154,119	165,122
924,796	53,099	59,303	71,653	152,010	163,067
925,797	53,036	59,238	71,611	149,982	161,069
926,797	53,071	59,236	71,575	148,163	159,164
927,798	53,015	59,079	71,467	146,267	157,277
928,796	52,944	59,034	71,401	144,410	155,434
929,796	52,932	59,004	71,353	142,717	153,788
930,798	52,925	58,895	71,273	140,984	152,038
931,796	52,967	58,904	71,334	139,400	150,411
932,797	52,881	58,816	71,187	137,750	148,782
933,797	52,924	58,833	71,135	136,243	147,287
934,797	52,873	58,797	71,133	134,806	145,843
935,798	52,804	58,730	71,071	133,400	144,371
936,797	52,852	58,713	71,077	131,977	142,957
937,798	52,839	58,718	70,977	130,636	141,614
938,797	52,753	58,599	70,925	129,273	140,238
939,797	52,851	58,621	70,980	128,071	139,052
940,796	52,684	58,526	70,829	126,742	137,718
941,797	52,683	58,505	70,817	125,585	136,420
942,797	52,644	58,499	70,814	124,429	135,282
943,797	52,643	58,440	70,723	123,276	134,076
944,796	52,581	58,403	70,734	122,166	132,913
945,797	52,550	58,314	70,610	121,090	131,701
946,797	52,568	58,288	70,649	120,102	130,716
947,795	52,533	58,169	70,527	119,012	129,622
948,797	52,497	58,168	70,487	118,098	128,606
949,796	52,475	58,111	70,464	117,152	127,627
950,797	52,441	58,040	70,369	116,203	126,719
951,797	52,461	58,120	70,431	115,373	125,760
952,797	52,496	58,083	70,417	114,546	124,820
953,797	52,443	58,008	70,371	113,632	123,858
954,797	52,441	58,029	70,322	112,859	123,054
955,796	52,390	58,010	70,317	112,087	122,165
956,796	52,310	57,887	70,256	111,209	121,262
957,798	52,295	57,846	70,203	110,495	120,407
958,797	52,327	57,815	70,144	109,741	119,610
959,798	52,267	57,794	70,097	109,035	118,754
960,797	52,293	57,819	70,090	108,410	118,023
961,798	52,245	57,812	70,098	107,690	117,279
962,795	52,242	57,757	70,009	107,010	116,569
963,798	52,251	57,697	69,945	106,363	115,808
964,797	52,213	57,696	69,940	105,719	115,168
965,796	52,207	57,605	69,891	105,155	114,484
966,798	52,127	57,507	69,872	104,473	113,737
967,798	52,171	57,562	69,800	103,972	113,181
968,796	52,096	57,442	69,779	103,349	112,490
969,796	52,069	57,424	69,699	102,836	111,869
970,796	52,020	57,438	69,669	102,265	111,296
971,797	51,952	57,364	69,645	101,690	110,644
972,797	51,922	57,338	69,577	101,149	110,104
973,796	51,939	57,300	69,591	100,673	109,575
974,797	51,930	57,261	69,536	100,141	108,925
975,797	51,832	57,183	69,467	99,665	108,362
976,796	51,822	57,191	69,475	99,224	107,868
977,795	51,800	57,201	69,444	98,754	107,278
978,797	51,673	57,111	69,321	98,214	106,698
979,796	51,683	57,106	69,299	97,789	106,186
980,796	51,663	57,047	69,286	97,384	105,775
981,796	51,662	57,037	69,238	96,955	105,243
982,796	51,637	57,035	69,212	96,479	104,773
983,796	51,617	56,999	69,157	96,133	104,301
984,796	51,578	56,943	69,126	95,691	103,806
985,797	51,502	56,945	69,092	95,317	103,346
986,796	51,532	56,887	69,051	94,959	102,896
987,797	51,515	56,884	69,008	94,601	102,556
988,797	51,476	56,862	68,949	94,221	102,048
989,795	51,483	56,826	68,975	93,833	101,621
990,796	51,448	56,778	68,897	93,457	101,163
991,797	51,439	56,780	68,880	93,125	100,762
992,797	51,408	56,694	68,809	92,767	100,366
993,796	51,433	56,724	68,805	92,387	100,032
994,796	51,317	56,643	68,725	92,045	99,595
995,797	51,285	56,617	68,687	91,713	99,201
996,795	51,315	56,594	68,660	91,356	98,819
997,798	51,325	56,600	68,640	91,131	98,426
998,796	51,282	56,493	68,583	90,788	98,053
999,796	51,216	56,487	68,553	90,477	97,714
1000,797	51,269	56,468	68,572	90,211	97,404
1001,797	51,119	56,460	68,457	89,885	96,985
1002,795	51,149	56,407	68,464	89,593	96,652
1003,797	51,099	56,409	68,413	89,331	96,279
1004,795	51,023	56,324	68,284	89,037	95,915
1005,798	51,088	56,358	68,324	88,769	95,619
1006,796	51,071	56,311	68,271	88,482	95,300
1007,796	51,088	56,336	68,231	88,241	94,931
1008,796	50,987	56,278	68,199	87,950	94,592
1009,797	50,949	56,201	68,092	87,668	94,251
1010,795	50,973	56,171	68,102	87,443	93,947
1011,796	50,885	56,160	68,042	87,127	93,683
1012,796	50,882	56,073	67,976	86,871	93,376
1013,796	50,825	56,064	67,936	86,605	93,037
1014,796	50,800	55,960	67,848	86,410	92,725
1015,796	50,846	55,959	67,880	86,149	92,478
1016,796	50,801	55,948	67,824	85,893	92,080
1017,796	50,812	55,904	67,789	85,683	91,816
1018,796	50,741	55,825	67,759	85,407	91,500
1019,795	50,807	55,826	67,748	85,215	91,286
1020,796	50,765	55,822	67,611	84,950	90,969
1021,796	50,751	55,767	67,581	84,718	90,627
1022,795	50,700	55,813	67,579	84,569	90,449
1023,797	50,698	55,806	67,511	84,340	90,114
1024,796	50,660	55,793	67,470	84,135	89,877
1025,796	50,604	55,785	67,473	83,939	89,670
1026,797	50,588	55,789	67,446	83,733	89,400
1027,796	50,478	55,721	67,370	83,487	89,103
1028,796	50,468	55,688	67,298	83,305	88,856
1029,797	50,433	55,665	67,277	83,097	88,585
1030,795	50,355	55,639	67,140	82,847	88,308
1031,796	50,299	55,557	67,090	82,632	88,035
1032,795	50,356	55,565	67,085	82,471	87,842
1033,796	50,326	55,545	67,095	82,277	87,638
1034,797	50,307	55,489	67,041	82,059	87,381
1035,795	50,300	55,465	66,913	81,916	87,191
1036,797	50,290	55,438	66,920	81,731	86,917
1037,796	50,212	55,435	66,859	81,547	86,686
1038,797	50,171	55,401	66,825	81,305	86,452
1039,797	50,228	55,414	66,779	81,197	86,292
1040,795	50,105	55,390	66,664	80,942	85,999
1041,795	50,082	55,357	66,675	80,772	85,762
1042,795	49,944	55,293	66,577	80,579	85,467
1043,795	49,963	55,259	66,549	80,396	85,263
1044,795	49,964	55,300	66,557	80,231	85,097
1045,795	49,937	55,301	66,517	80,065	84,861
1046,795	49,915	55,209	66,461	79,886	84,648
1047,796	49,878	55,137	66,317	79,649	84,432
1048,797	49,961	55,214	66,321	79,557	84,251
1049,797	49,840	55,097	66,234	79,349	83,927
1050,795	49,849	55,099	66,206	79,203	83,772
1051,795	49,838	55,059	66,216	79,075	83,609
1052,797	49,794	55,078	66,062	78,834	83,303
1053,797	49,788	55,053	66,036	78,701	83,129
1054,795	49,816	55,061	66,048	78,599	82,931
1055,797	49,667	55,004	65,934	78,333	82,663
1056,796	49,733	54,933	65,919	78,189	82,477
1057,796	49,682	54,951	65,872	78,049	82,295
1058,796	49,623	54,874	65,832	77,902	82,099
1059,796	49,641	54,859	65,767	77,733	81,891
1060,796	49,622	54,793	65,714	77,591	81,613
1061,796	49,590	54,805	65,713	77,468	81,499
1062,796	49,540	54,780	65,619	77,218	81,263
1063,796	49,570	54,798	65,574	77,195	81,124
1064,795	49,498	54,772	65,512	76,959	80,914
1065,795	49,503	54,726	65,484	76,879	80,668
1066,797	49,475	54,665	65,429	76,659	80,487
1067,795	49,528	54,691	65,410	76,595	80,318
1068,796	49,474	54,657	65,351	76,377	80,152
1069,796	49,447	54,624	65,282	76,229	79,918
1070,796	49,396	54,578	65,268	76,132	79,731
1071,795	49,386	54,598	65,252	75,931	79,536
1072,798	49,398	54,546	65,160	75,811	79,286
1073,795	49,351	54,480	65,133	75,672	79,089
1074,796	49,346	54,500	65,065	75,577	79,001
1075,796	49,332	54,469	65,014	75,435	78,797
1076,795	49,354	54,462	64,973	75,305	78,654
1077,796	49,284	54,458	64,927	75,147	78,458
1078,795	49,300	54,490	64,910	74,990	78,252
1079,795	49,283	54,408	64,802	74,833	78,077
1080,795	49,255	54,367	64,753	74,725	77,880
1081,796	49,198	54,356	64,687	74,592	77,746
1082,796	49,235	54,326	64,651	74,413	77,571
1083,795	49,213	54,315	64,640	74,310	77,455
1084,794	49,232	54,328	64,619	74,241	77,264
1085,796	49,151	54,262	64,527	74,054	77,117
1086,794	49,109	54,271	64,497	73,906	76,981
1087,796	49,125	54,248	64,375	73,757	76,807
1088,796	49,070	54,125	64,362	73,664	76,654
1089,796	49,099	54,150	64,324	73,580	76,552
1090,795	49,074	54,105	64,255	73,392	76,348
1091,797	49,027	54,045	64,189	73,257	76,132
1092,796	49,014	54,046	64,194	73,171	76,042
1093,796	49,096	54,086	64,198	73,116	75,904
1094,796	49,091	54,023	64,144	72,963	75,722
1095,796	48,979	53,933	63,995	72,816	75,495
1096,796	48,960	53,963	63,936	72,655	75,361
1097,795	49,048	53,918	63,919	72,593	75,243
1098,794	48,946	53,863	63,827	72,419	75,101
1099,795	48,988	53,857	63,789	72,323	74,969
1100,796	48,950	53,869	63,781	72,214	74,774
1101,795	48,917	53,786	63,739	72,059	74,623
1102,796	48,897	53,766	63,676	71,973	74,422
1103,795	48,838	53,704	63,627	71,800	74,339
1104,795	48,801	53,692	63,559	71,705	74,165
1105,795	48,803	53,651	63,483	71,562	74,071
1106,796	48,723	53,690	63,479	71,465	73,900
1107,794	48,751	53,698	63,358	71,359	73,767
1108,796	48,741	53,637	63,311	71,256	73,533
1109,795	48,687	53,617	63,332	71,071	73,408
1110,796	48,648	53,628	63,275	71,040	73,332
1111,796	48,600	53,569	63,179	70,869	73,188
1112,795	48,524	53,557	63,113	70,757	73,021
1113,796	48,521	53,529	63,093	70,667	72,922
1114,795	48,476	53,535	63,060	70,540	72,759
1115,796	48,435	53,518	62,990	70,430	72,607
1116,796	48,436	53,486	62,949	70,299	72,452
1117,794	48,441	53,463	62,873	70,229	72,362
1118,795	48,364	53,465	62,843	70,082	72,221
1119,795	48,402	53,466	62,804	70,044	72,090
1120,795	48,372	53,432	62,768	69,860	71,882
1121,797	48,336	53,473	62,697	69,779	71,801
1122,794	48,365	53,419	62,668	69,634	71,626
1123,795	48,380	53,427	62,641	69,571	71,493
1124,796	48,308	53,359	62,552	69,447	71,380
1125,796	48,345	53,327	62,516	69,344	71,260
1126,794	48,299	53,261	62,440	69,247	71,098
1127,796	48,315	53,239	62,399	69,109	70,954
1128,795	48,266	53,256	62,367	69,021	70,859
1129,795	48,245	53,251	62,282	68,941	70,693
1130,795	48,272	53,165	62,232	68,798	70,554
1131,796	48,223	53,159	62,177	68,743	70,492
1132,795	48,201	53,089	62,139	68,633	70,339
1133,795	48,153	53,113	62,141	68,522	70,214
1134,794	48,121	53,050	62,039	68,437	70,041
1135,794	48,156	53,049	62,041	68,396	69,966
1136,794	48,063	52,992	61,913	68,169	69,825
1137,795	48,040	52,908	61,857	68,103	69,693
1138,795	48,120	52,949	61,831	68,032	69,623
1139,796	48,064	52,844	61,831	67,900	69,473
1140,794	48,078	52,868	61,774	67,791	69,292
1141,795	48,047	52,872	61,691	67,716	69,170
1142,796	48,021	52,801	61,661	67,626	69,065
1143,794	47,989	52,799	61,606	67,525	69,008
1144,796	47,993	52,847	61,607	67,442	68,865
1145,795	47,958	52,731	61,481	67,307	68,607
1146,796	47,959	52,776	61,437	67,249	68,503
1147,795	47,847	52,702	61,371	67,078	68,388
1148,794	47,886	52,706	61,341	67,051	68,344
1149,796	47,831	52,691	61,303	67,003	68,172
1150,795	47,744	52,627	61,218	66,817	68,040
1151,795	47,804	52,635	61,220	66,712	67,940
1152,795	47,794	52,632	61,180	66,647	67,914
1153,794	47,767	52,592	61,082	66,508	67,706
1154,795	47,829	52,586	61,054	66,430	67,613
1155,794	47,809	52,563	61,025	66,337	67,502
1156,796	47,778	52,556	60,959	66,223	67,322
1157,795	47,719	52,441	60,867	66,173	67,229
1158,796	47,739	52,445	60,845	66,057	67,151
1159,796	47,751	52,488	60,900	66,039	67,014
1160,795	47,705	52,392	60,783	65,891	66,925
1161,796	47,640	52,333	60,727	65,761	66,807
1162,796	47,619	52,277	60,693	65,649	66,656
1163,796	47,631	52,325	60,674	65,627	66,588
1164,795	47,640	52,313	60,643	65,569	66,494
1165,794	47,587	52,257	60,570	65,410	66,285
1166,795	47,598	52,231	60,513	65,330	66,189
1167,795	47,587	52,259	60,465	65,284	66,143
1168,794	47,551	52,210	60,408	65,182	66,020
1169,795	47,453	52,212	60,385	65,094	65,976
1170,796	47,460	52,175	60,287	64,957	65,847
1171,796	47,466	52,211	60,299	64,891	65,779
1172,794	47,451	52,188	60,232	64,835	65,655
1173,795	47,441	52,131	60,148	64,730	65,519
1174,794	47,402	52,104	60,117	64,601	65,413
1175,796	47,436	52,131	60,119	64,574	65,358
1176,795	47,357	52,040	60,010	64,410	65,209
1177,795	47,318	52,097	59,939	64,383	65,133
1178,794	47,247	52,033	59,937	64,284	65,075
1179,795	47,198	52,024	59,881	64,218	64,940
1180,795	47,188	51,938	59,786	64,111	64,839
1181,794	47,153	51,944	59,789	64,055	64,752
1182,819	47,143	51,910	59,746	63,911	64,611
1183,796	47,106	51,831	59,665	63,777	64,505
1184,794	47,123	51,808	59,602	63,749	64,404
1185,796	47,050	51,766	59,572	63,661	64,324
1186,793	46,989	51,790	59,518	63,606	64,242
1187,795	46,945	51,683	59,458	63,491	64,105
1188,794	46,904	51,620	59,409	63,411	63,937
1189,794	46,887	51,640	59,369	63,315	63,846
1190,795	46,903	51,604	59,364	63,293	63,734
1191,795	46,923	51,574	59,300	63,209	63,668
1192,793	46,817	51,526	59,241	63,038	63,475
1193,794	46,877	51,539	59,190	63,045	63,390
1194,794	46,922	51,510	59,180	62,956	63,328
1195,794	46,938	51,445	59,119	62,873	63,201
1196,794	46,918	51,426	59,053	62,799	63,096
1197,793	46,865	51,370	58,992	62,656	63,048
1198,794	46,837	51,389	58,944	62,581	62,946
1199,793	46,847	51,326	58,950	62,450	62,858
1200,794	46,761	51,342	58,863	62,468	62,770
1201,794	46,678	51,279	58,780	62,320	62,655
1202,793	46,744	51,281	58,772	62,287	62,609
1203,794	46,701	51,214	58,723	62,179	62,513
1204,794	46,744	51,144	58,672	62,135	62,407
1205,793	46,714	51,134	58,670	62,025	62,337
1206,794	46,733	51,217	58,616	61,942	62,279
1207,793	46,711	51,175	58,525	61,876	62,162
1208,793	46,689	51,101	58,492	61,778	62,033
1209,793	46,720	51,159	58,441	61,732	61,961
1210,793	46,662	51,096	58,397	61,627	61,853
1211,795	46,679	51,089	58,337	61,551	61,779
1212,793	46,598	51,041	58,202	61,501	61,663
1213,793	46,595	51,025	58,293	61,450	61,592
1214,794	46,531	50,993	58,152	61,313	61,478
1215,795	46,564	51,007	58,181	61,281	61,475
1216,793	46,505	50,960	58,102	61,151	61,352
1217,794	46,477	50,982	58,045	61,112	61,280
1218,795	46,499	50,998	57,989	61,055	61,199
1219,794	46,366	50,900	57,936	60,992	61,080
1220,794	46,318	50,872	57,875	60,899	61,001
1221,794	46,274	50,859	57,816	60,830	60,957
1222,794	46,293	50,884	57,780	60,764	60,878
1223,793	46,263	50,849	57,793	60,693	60,786
1224,794	46,166	50,773	57,676	60,581	60,621
1225,794	46,203	50,748	57,697	60,513	60,637
1226,793	46,191	50,733	57,641	60,462	60,511
1227,794	46,187	50,748	57,593	60,385	60,433
1228,794	46,141	50,721	57,544	60,315	60,351
1229,794	46,148	50,759	57,434	60,173	60,252
1230,793	46,130	50,770	57,410	60,184	60,246
1231,793	46,106	50,680	57,379	60,101	60,108
1232,794	46,225	50,694	57,385	60,081	60,137
1233,794	46,150	50,703	57,290	59,980	59,991
1234,793	46,162	50,641	57,243	59,891	59,895
1235,793	46,105	50,617	57,237	59,784	59,803
1236,793	46,143	50,620	57,187	59,767	59,709
1237,793	46,089	50,602	57,168	59,693	59,617
1238,794	46,139	50,556	57,157	59,569	59,581
1239,794	46,100	50,656	57,091	59,540	59,483
1240,794	46,081	50,592	57,042	59,473	59,375
1241,793	46,013	50,510	56,929	59,432	59,296
1242,794	45,975	50,528	56,926	59,348	59,125
1243,794	45,963	50,522	56,867	59,251	59,078
1244,794	45,908	50,421	56,863	59,197	59,003
1245,795	45,934	50,433	56,799	59,126	58,959
1246,794	45,870	50,439	56,754	59,057	58,805
1247,795	45,799	50,390	56,686	58,961	58,700
1248,794	45,832	50,406	56,669	58,925	58,693
1249,793	45,798	50,341	56,586	58,821	58,635
1250,794	45,763	50,325	56,542	58,773	58,554
1251,793	45,776	50,308	56,556	58,709	58,468
1252,794	45,754	50,309	56,525	58,652	58,426
1253,795	45,797	50,277	56,451	58,509	58,282
1254,794	45,759	50,191	56,381	58,470	58,219
1255,793	45,696	50,178	56,337	58,402	58,148
1256,796	45,675	50,191	56,293	58,381	58,051
1257,795	45,651	50,138	56,265	58,318	58,002
1258,793	45,634	50,109	56,236	58,237	57,889
1259,793	45,650	50,108	56,193	58,159	57,821
1260,795	45,644	50,089	56,143	58,093	57,814
1261,793	45,623	50,051	56,094	58,042	57,671
1262,794	45,620	50,070	56,034	57,968	57,607
1263,793	45,549	50,007	55,977	57,873	57,540
1264,793	45,586	50,001	56,003	57,805	57,431
1265,793	45,526	49,947	55,922	57,696	57,382
1266,794	45,531	49,917	55,826	57,681	57,309
1267,793	45,503	49,923	55,821	57,650	57,267
1268,795	45,443	49,840	55,766	57,525	57,162
1269,794	45,496	49,841	55,742	57,516	57,097
1270,794	45,444	49,728	55,680	57,428	57,059
1271,795	45,453	49,717	55,670	57,351	56,929
1272,794	45,458	49,762	55,609	57,292	56,908
1273,795	45,428	49,669	55,532	57,236	56,829
1274,793	45,419	49,679	55,506	57,189	56,767
1275,795	45,328	49,601	55,445	57,062	56,670
1276,794	45,363	49,613	55,418	57,051	56,611
1277,795	45,345	49,638	55,407	57,007	56,566
1278,795	45,310	49,501	55,346	56,889	56,444
1279,794	45,274	49,495	55,236	56,809	56,404
1280,794	45,258	49,465	55,188	56,718	56,325
1281,793	45,280	49,469	55,227	56,767	56,296
1282,793	45,273	49,435	55,161	56,642	56,216
1283,793	45,268	49,440	55,169	56,651	56,135
1284,793	45,197	49,415	55,078	56,557	56,029
1285,792	45,172	49,368	55,054	56,503	55,994
1286,794	45,231	49,359	55,020	56,455	55,909
1287,794	45,165	49,361	54,891	56,368	55,776
1288,795	45,123	49,300	54,862	56,249	55,763
1289,794	45,196	49,315	54,845	56,243	55,692
1290,795	45,069	49,291	54,797	56,159	55,638
1291,793	45,033	49,228	54,723	56,090	55,558
1292,794	45,096	49,221	54,721	56,036	55,503
1293,793	45,111	49,168	54,687	55,956	55,401
1294,792	45,079	49,181	54,737	55,931	55,392
