Time (s)	TC1 (C)	TC2 (C)	TC3 (C)	TC4 (C)	TC5 (C)
131,236	21,211	21,064	20,624	20,945	21,177
132,246	21,283	21,095	20,677	20,980	21,211
133,236	21,471	21,570	29,388	21,293	24,238
134,236	21,625	24,082	68,982	23,707	28,306
135,235	21,940	26,773	104,289	27,412	28,648
136,236	22,122	29,190	135,029	30,997	28,231
137,237	22,456	31,469	160,339	34,766	26,772
138,237	22,548	33,566	181,662	38,114	28,790
139,236	22,698	35,615	203,462	41,486	30,518
140,235	23,073	37,636	224,574	44,878	29,914
141,237	23,199	39,408	244,830	47,962	29,448
142,236	23,417	41,198	263,418	50,985	28,341
143,238	23,564	42,783	279,265	53,957	29,124
144,236	23,562	43,560	283,867	56,265	25,538
145,237	23,500	42,361	272,059	56,394	23,828
146,237	23,555	41,300	261,279	55,725	23,753
147,237	23,530	40,402	251,076	54,911	23,682
148,236	23,509	39,568	241,203	54,077	23,569
149,236	23,510	38,891	231,838	53,272	23,565
150,235	23,476	38,212	222,638	52,520	23,472
151,236	23,490	37,682	214,007	51,824	23,435
152,235	23,427	37,210	205,896	51,285	23,420
153,236	23,396	36,749	198,118	50,691	23,315
154,237	23,365	36,438	190,851	50,243	23,265
155,236	23,339	36,095	184,075	49,824	23,282
156,236	23,347	35,910	177,747	49,543	23,306
157,235	23,283	35,584	171,601	49,164	23,235
158,236	23,323	35,431	165,910	48,888	23,260
159,236	23,280	35,229	160,575	48,633	23,234
160,236	23,204	35,048	155,402	48,276	23,151
161,236	23,216	34,917	150,649	48,106	23,143
162,236	23,161	34,757	146,094	47,880	23,146
163,237	23,151	34,672	141,749	47,718	23,141
164,236	23,176	34,520	137,634	47,450	23,096
165,236	23,119	34,524	133,727	47,292	23,108
166,236	23,167	34,402	130,055	47,106	23,134
167,237	23,120	34,282	126,499	46,940	23,204
168,235	23,147	34,277	123,091	46,788	23,178
169,237	23,108	34,175	119,843	46,534	23,140
170,237	23,146	34,161	116,827	46,409	23,229
171,237	23,188	34,091	113,876	46,231	23,167
172,237	23,190	34,083	111,109	46,043	23,241
173,236	23,126	33,992	108,435	45,855	23,233
174,235	23,120	33,934	105,873	45,672	23,234
175,237	23,114	33,868	103,470	45,464	23,235
176,236	23,112	33,849	101,231	45,301	23,245
177,237	23,104	33,770	98,994	45,064	23,243
178,234	23,130	33,735	96,676	44,963	23,277
179,237	23,138	33,757	94,740	44,845	23,354
180,235	23,122	33,711	92,785	44,630	23,332
181,236	23,160	33,687	91,024	44,499	23,375
182,235	23,151	33,576	89,232	44,295	23,340
183,237	23,154	33,609	87,625	44,131	23,412
184,236	23,168	33,578	85,998	43,940	23,415
185,235	23,211	33,549	84,490	43,765	23,478
186,237	23,157	33,503	82,980	43,610	23,473
187,235	23,207	33,499	81,612	43,392	23,455
188,236	23,224	33,482	80,272	43,312	23,514
189,234	23,282	33,509	79,021	43,174	23,534
190,234	23,213	33,395	77,727	42,967	23,601
191,236	23,229	33,417	76,558	42,799	23,597
192,236	23,207	33,370	75,382	42,677	23,603
193,236	23,290	33,375	74,316	42,479	23,637
194,235	23,355	33,369	73,231	42,298	23,616
195,237	23,320	33,279	72,155	42,104	23,630
196,236	23,309	33,286	71,256	42,004	23,720
197,234	23,268	33,284	70,217	41,835	23,714
198,237	23,377	33,313	69,371	41,695	23,797
199,234	23,389	33,220	68,453	41,548	23,864
200,236	23,415	33,226	67,643	41,447	23,940
201,236	23,403	33,145	66,737	41,266	23,890
202,236	23,467	33,163	65,993	41,138	23,951
203,235	23,461	33,070	65,158	41,051	23,980
204,236	23,513	33,138	64,436	40,922	24,068
205,234	23,542	33,095	63,687	40,758	24,113
206,236	23,608	33,118	62,996	40,674	24,200
207,236	23,563	33,135	62,283	40,517	24,147
208,236	23,603	33,041	61,652	40,344	24,205
209,235	23,653	33,090	60,949	40,291	24,272
210,235	23,644	33,063	60,396	40,150	24,279
211,235	23,676	33,019	59,758	39,969	24,320
212,236	23,750	33,018	59,191	39,881	24,374
213,235	23,773	32,972	58,608	39,772	24,406
214,236	23,760	32,954	58,009	39,634	24,414
215,236	23,812	32,982	57,528	39,572	24,469
216,235	23,831	32,954	56,976	39,340	24,494
217,236	23,827	32,892	56,440	39,284	24,528
218,234	23,912	32,899	55,990	39,199	24,534
219,236	23,907	32,850	55,501	39,065	24,601
220,235	23,906	32,806	55,038	38,904	24,649
221,235	23,936	32,838	54,596	38,833	24,708
222,235	24,027	32,832	54,176	38,785	24,784
223,234	24,022	32,796	53,681	38,662	24,769
224,235	24,048	32,782	53,250	38,583	24,843
225,236	24,103	32,727	52,805	38,469	24,909
226,234	24,132	32,819	52,420	38,410	24,958
227,234	24,125	32,753	52,018	38,358	24,990
228,236	24,194	32,749	51,644	38,248	25,004
229,236	24,210	32,702	51,224	38,088	24,984
230,235	24,246	32,706	50,895	38,038	25,060
231,235	24,238	32,649	50,502	37,910	25,073
232,234	24,405	32,738	50,269	37,897	25,151
233,236	24,349	32,685	49,900	37,718	25,162
234,249	24,449	32,631	49,608	37,638	25,231
235,235	24,402	32,581	49,233	37,575	25,201
236,236	24,410	32,585	48,924	37,478	25,261
237,236	24,504	32,620	48,682	37,423	25,314
238,235	24,480	32,548	48,310	37,337	25,382
239,235	24,560	32,555	48,060	37,248	25,433
240,235	24,604	32,533	47,767	37,157	25,425
241,234	24,655	32,574	47,515	37,105	25,469
242,236	24,725	32,546	47,251	37,059	25,521
243,235	24,725	32,465	46,968	37,006	25,552
244,234	24,764	32,517	46,646	36,884	25,598
245,236	24,735	32,433	46,450	36,804	25,658
246,236	24,812	32,434	46,169	36,734	25,709
247,236	24,860	32,417	45,869	36,704	25,779
248,235	24,848	32,455	45,628	36,627	25,800
249,234	24,867	32,356	45,366	36,538	25,858
250,236	24,912	32,244	45,094	36,481	25,840
251,235	24,933	32,313	44,849	36,351	25,929
252,234	24,969	32,224	44,705	36,337	25,938
253,236	25,010	32,282	44,464	36,264	26,010
254,236	24,988	32,134	44,220	36,189	26,004
255,235	25,079	32,152	44,024	36,124	26,066
256,235	25,128	32,129	43,765	36,024	26,066
257,235	25,168	32,212	43,617	36,035	26,151
258,235	25,139	32,103	43,401	35,850	26,130
259,236	25,140	32,026	43,167	35,877	26,172
260,234	25,216	32,060	42,998	35,786	26,282
261,234	25,220	32,045	42,777	35,722	26,267
262,236	25,354	32,020	42,622	35,745	26,362
263,234	25,257	31,969	42,334	35,680	26,380
264,234	25,310	31,925	42,148	35,583	26,355
265,235	25,390	31,977	42,006	35,550	26,464
266,236	25,381	31,929	41,836	35,489	26,508
267,235	25,443	31,850	41,610	35,429	26,519
268,234	25,494	31,904	41,444	35,371	26,582
269,234	25,478	31,838	41,241	35,316	26,575
270,236	25,443	31,801	41,117	35,216	26,624
271,235	25,538	31,856	40,919	35,176	26,656
272,234	25,591	31,833	40,789	35,182	26,656
273,235	25,650	31,818	40,685	35,119	26,668
274,235	25,607	31,782	40,568	35,073	26,710
275,234	25,632	31,796	40,454	34,979	26,762
276,234	25,698	31,702	40,283	34,968	26,763
277,236	25,757	31,751	40,185	34,884	26,873
278,235	25,804	31,730	40,098	34,886	26,941
279,236	25,827	31,689	39,918	34,786	26,900
280,234	25,874	31,702	39,796	34,779	26,972
281,234	25,912	31,684	39,657	34,667	26,975
282,234	25,904	31,667	39,546	34,647	27,015
283,235	25,939	31,632	39,369	34,579	27,017
284,234	25,923	31,593	39,315	34,599	27,110
285,236	25,997	31,655	39,210	34,551	27,145
286,235	26,026	31,527	39,006	34,524	27,128
287,235	26,069	31,604	38,929	34,417	27,148
288,235	26,067	31,567	38,804	34,452	27,185
289,235	26,079	31,536	38,666	34,372	27,229
290,236	26,160	31,590	38,554	34,409	27,276
291,235	26,130	31,513	38,414	34,243	27,276
292,235	26,219	31,551	38,392	34,282	27,309
293,236	26,232	31,459	38,218	34,229	27,376
294,235	26,209	31,482	38,092	34,189	27,356
295,234	26,326	31,447	38,037	34,193	27,450
296,234	26,305	31,410	37,911	34,101	27,365
297,236	26,323	31,383	37,797	34,049	27,453
298,234	26,328	31,373	37,672	34,025	27,416
299,235	26,397	31,400	37,587	34,015	27,525
300,235	26,371	31,271	37,423	33,873	27,476
301,235	26,479	31,372	37,425	33,962	27,589
302,235	26,470	31,308	37,280	33,824	27,544
303,234	26,495	31,285	37,214	33,828	27,590
304,234	26,560	31,321	37,150	33,868	27,683
305,236	26,529	31,228	36,971	33,725	27,627
306,235	26,609	31,266	36,910	33,649	27,654
307,234	26,574	31,226	36,824	33,646	27,707
308,235	26,693	31,234	36,730	33,659	27,764
309,235	26,658	31,208	36,608	33,576	27,743
310,236	26,696	31,202	36,593	33,577	27,818
311,235	26,672	31,177	36,413	33,523	27,730
312,234	26,704	31,128	36,322	33,511	27,801
313,234	26,728	31,050	36,200	33,410	27,777
314,236	26,703	31,045	36,213	33,358	27,862
315,233	26,746	31,070	36,116	33,386	27,864
316,234	26,824	31,059	36,035	33,339	27,860
317,236	26,772	31,032	35,937	33,281	27,902
318,234	26,796	31,002	35,819	33,233	27,947
319,236	26,865	30,998	35,736	33,197	27,896
320,235	26,844	30,963	35,685	33,160	27,930
