Time (s)	TC1 (C)	TC2 (C)	TC3 (C)	TC4 (C)	TC5 (C)
34,483	25,055	25,000	25,150	25,169	25,053
35,496	25,122	24,924	25,125	25,137	25,040
36,483	25,095	24,922	25,121	25,118	25,046
37,482	25,103	25,014	25,145	25,153	25,076
38,483	25,016	24,959	25,100	25,087	25,004
39,483	33,096	35,750	30,579	34,371	35,872
40,483	52,886	47,596	35,858	44,953	56,927
41,482	73,167	58,167	40,601	54,357	76,086
42,483	92,205	69,209	46,115	63,798	92,690
43,483	109,909	80,336	52,146	73,283	109,523
44,483	125,687	91,130	58,421	82,562	124,044
45,483	138,799	101,727	64,908	91,618	136,492
46,484	151,017	111,868	71,390	100,071	146,954
47,484	162,180	121,538	77,992	107,930	157,813
48,482	172,374	130,524	84,351	115,209	167,929
49,483	182,152	138,912	90,635	122,412	180,336
50,483	191,110	146,667	96,881	129,386	189,358
51,485	199,271	154,343	102,843	136,212	198,485
52,482	207,213	161,609	108,483	142,785	206,835
53,482	214,720	168,753	115,002	149,089	214,018
54,482	222,035	175,869	119,632	155,117	219,758
55,484	229,057	183,117	124,517	161,064	225,692
56,483	235,172	190,297	129,587	166,639	232,140
57,483	240,328	196,769	135,145	172,046	238,162
58,484	245,560	203,369	140,488	177,135	243,611
59,483	250,295	209,788	145,359	181,641	248,563
60,484	254,174	215,795	149,910	186,099	253,107
61,484	258,154	221,512	154,176	189,989	257,140
62,483	261,982	226,852	158,321	193,320	261,276
63,482	266,297	231,742	162,271	197,067	265,314
64,483	270,186	236,063	166,171	200,736	269,479
65,483	271,692	239,019	169,325	203,660	271,114
66,482	264,478	237,949	171,183	203,654	264,754
67,484	255,768	235,910	172,152	202,063	257,412
68,483	247,369	233,567	172,747	199,974	250,125
69,483	239,224	230,421	172,646	197,482	242,808
70,483	231,579	226,934	172,114	194,513	235,645
71,483	224,443	223,222	171,249	191,484	228,772
72,483	217,596	219,154	170,055	188,001	222,159
73,483	211,344	215,058	168,680	184,611	215,929
74,483	205,465	210,830	167,074	181,170	209,885
75,484	199,913	206,791	165,394	177,703	204,171
76,484	194,459	202,696	163,631	174,395	198,499
77,482	189,064	198,607	161,681	171,049	192,894
78,482	184,068	194,654	159,821	167,848	187,672
79,483	179,168	190,779	157,863	164,680	182,643
80,482	174,599	186,975	155,836	161,548	177,801
81,483	170,255	183,340	153,851	158,586	173,294
82,482	165,990	179,747	151,866	155,829	168,930
83,483	162,028	176,277	149,825	153,151	165,199
84,482	158,189	172,854	147,777	150,587	161,325
85,484	154,532	169,582	145,771	148,078	157,618
86,483	151,050	166,488	143,822	145,579	154,112
87,482	147,816	163,482	141,927	143,221	150,782
88,483	144,784	160,637	139,981	140,891	147,602
89,484	141,843	157,818	138,059	138,597	144,521
90,483	139,092	155,123	136,243	136,367	141,571
91,484	136,378	152,426	134,334	134,179	138,828
92,484	133,852	149,951	132,581	132,107	136,160
93,482	131,363	147,447	130,703	129,975	133,595
94,482	129,007	145,061	129,009	128,006	131,233
95,483	126,641	142,737	127,268	126,075	128,881
96,482	124,512	140,521	125,631	124,221	126,630
97,483	122,391	138,280	123,867	122,217	124,388
98,482	120,550	136,075	122,259	120,388	122,332
99,484	118,624	133,990	120,576	118,547	120,248
100,484	116,772	131,900	118,914	116,806	118,218
101,483	115,125	130,024	117,424	115,155	116,386
102,484	113,312	128,092	115,798	113,541	114,499
103,484	111,587	126,161	114,296	111,902	112,682
104,483	109,944	124,365	112,799	110,351	111,018
105,482	108,320	122,421	111,310	108,796	109,286
106,482	106,641	120,591	109,916	107,271	107,710
107,482	105,133	119,024	108,330	105,944	106,115
108,482	103,621	117,439	106,544	104,525	104,623
109,482	102,233	115,845	105,288	103,184	103,198
110,484	100,796	114,268	104,025	101,880	101,803
111,484	99,491	112,779	102,878	100,617	100,408
112,484	98,248	111,319	101,738	99,418	99,152
113,483	97,065	109,939	100,592	98,255	97,904
114,483	95,926	108,562	99,465	97,166	96,687
115,483	94,832	107,165	98,403	95,994	95,517
116,484	93,749	105,798	97,260	94,966	94,274
117,484	92,705	104,539	96,261	93,893	93,228
118,483	91,640	103,342	95,297	92,857	92,138
119,482	90,665	102,103	94,259	91,856	91,079
120,483	89,607	100,972	93,265	90,869	90,032
121,482	88,688	99,789	92,247	89,958	89,066
122,484	87,669	98,650	91,236	88,982	88,047
123,482	86,844	97,611	90,430	88,195	87,106
124,482	85,946	96,528	89,404	87,190	86,209
125,484	85,116	95,486	88,652	86,434	85,269
126,483	84,209	94,471	87,769	85,604	84,406
127,483	83,307	93,526	86,886	84,783	83,624
128,484	82,531	92,518	86,082	83,969	82,813
129,484	81,759	91,655	85,283	83,235	81,983
130,482	81,032	90,636	84,494	82,477	81,168
131,481	80,290	89,735	83,730	81,639	80,362
132,484	79,567	88,865	83,014	80,813	79,656
133,483	78,840	87,986	82,337	80,066	78,933
134,482	78,181	87,154	81,571	79,358	78,235
135,482	77,512	86,370	80,895	78,779	77,577
136,484	76,873	85,530	80,166	78,094	76,817
137,482	76,275	84,763	79,491	77,457	76,147
138,483	75,596	83,964	78,812	76,795	75,527
139,482	74,920	83,181	78,201	76,246	74,879
140,483	74,288	82,509	77,566	75,600	74,243
141,481	73,582	81,759	76,974	74,993	73,648
142,483	72,969	81,064	76,271	74,396	73,041
143,482	72,498	80,384	75,754	73,821	72,500
144,481	71,885	79,715	75,163	73,268	71,894
145,482	71,407	79,017	74,699	72,777	71,314
146,483	70,916	78,333	74,082	72,220	70,789
147,482	70,495	77,811	73,537	71,756	70,273
148,484	69,981	77,135	73,035	71,216	69,753
149,482	69,599	76,529	72,543	70,732	69,231
150,484	69,141	75,876	71,997	70,198	68,738
151,483	68,684	75,309	71,479	69,744	68,239
152,482	68,209	74,717	70,977	69,293	67,820
153,483	67,737	74,205	70,483	68,800	67,346
154,482	67,308	73,591	70,056	68,386	66,815
155,481	66,826	73,050	69,536	67,872	66,370
156,484	66,333	72,450	69,079	67,410	65,943
157,483	65,880	71,927	68,596	66,991	65,470
158,484	65,383	71,362	68,168	66,528	64,993
159,482	65,003	70,970	67,784	66,186	64,676
160,484	64,584	70,393	67,291	65,785	64,208
161,483	64,148	69,976	66,908	65,341	63,844
162,482	63,783	69,430	66,505	64,949	63,352
163,482	63,490	68,989	66,119	64,583	63,044
164,483	63,131	68,524	65,714	64,214	62,677
165,483	62,772	68,072	65,384	63,915	62,323
166,482	62,388	67,616	64,872	63,441	61,908
167,484	62,054	67,163	64,589	63,088	61,606
168,483	61,745	66,758	64,186	62,743	61,219
169,483	61,338	66,238	63,802	62,320	60,820
170,483	60,990	65,845	63,453	62,061	60,541
171,483	60,741	65,441	63,140	61,748	60,163
172,483	60,407	65,064	62,832	61,452	59,944
173,483	60,017	64,625	62,421	61,081	59,500
174,483	59,682	64,243	62,063	60,737	59,196
175,484	59,397	63,914	61,762	60,399	58,921
