Time (s)	TC1 (C)	TC2 (C)	TC3 (C)	TC4 (C)	TC5 (C)
293.812	19.913	21.333	21.253	21.394	21.249
294.821	19.846	21.253	21.200	21.359	21.234
295.812	19.902	21.294	21.264	21.390	21.240
296.811	19.880	21.277	21.236	21.393	21.241
297.811	19.911	21.280	21.304	21.413	21.205
298.811	19.864	21.242	21.240	21.350	21.223
299.811	19.900	21.270	21.285	21.395	21.209
300.812	19.922	21.280	21.247	21.397	21.212
301.812	19.921	21.312	21.302	21.424	21.297
302.811	19.871	21.241	21.231	21.369	21.205
303.811	19.861	21.267	21.223	21.384	21.188
304.812	19.861	21.260	21.236	21.365	21.148
305.811	19.852	21.219	21.235	21.379	21.168
306.811	19.850	21.303	21.284	21.410	21.211
307.810	19.836	21.244	21.234	21.368	21.171
308.811	19.811	21.257	21.235	21.350	21.192
309.811	19.745	21.223	21.229	21.357	21.128
310.812	19.762	21.239	21.233	21.371	21.190
311.812	19.753	21.213	21.190	21.349	21.120
327.811	19.742	21.206	21.247	21.314	21.138
328.811	19.716	21.187	21.210	21.298	21.084
329.812	19.706	21.187	21.231	21.281	21.130
330.811	19.715	21.249	21.224	21.287	21.091
331.812	19.746	21.192	21.171	21.302	21.109
332.811	19.764	21.270	21.276	21.383	21.125
333.812	19.688	21.182	21.192	21.333	21.060
334.811	76.643	46.408	32.479	34.878	25.231
335.811	109.225	69.583	44.564	48.515	31.004
336.810	128.859	91.215	57.988	60.000	36.618
337.812	142.252	112.780	71.644	71.270	42.790
338.811	153.881	136.409	85.150	82.034	48.985
339.812	170.104	155.288	97.722	92.055	55.264
340.812	189.477	175.769	109.736	101.177	61.676
341.812	202.499	197.094	120.682	108.484	67.708
342.812	206.576	214.997	130.794	114.239	73.682
343.812	215.709	227.728	140.061	124.777	79.152
344.811	225.525	240.893	148.819	137.248	84.741
345.811	234.098	252.575	156.835	134.414	94.224
346.811	242.884	262.660	165.510	139.396	110.975
347.811	252.093	272.320	174.473	145.046	121.197
348.811	259.600	283.322	183.881	151.089	128.894
349.812	263.966	292.214	193.511	158.644	128.800
350.811	271.902	299.262	203.358	170.426	132.250
351.810	279.695	307.004	212.531	211.180	138.547
352.811	287.599	314.430	221.526	214.319	143.068
353.810	295.472	323.352	229.798	222.109	159.626
354.810	302.938	331.489	237.756	238.751	175.614
355.811	310.102	339.550	245.424	248.364	191.687
356.811	317.151	348.297	252.358	261.104	198.385
357.812	324.011	355.392	259.698	272.378	201.186
358.811	330.604	361.571	266.596	278.701	207.621
359.811	336.873	366.104	273.363	295.357	213.444
360.812	343.193	373.217	279.709	314.914	218.644
361.811	349.195	380.290	285.505	322.576	224.045
362.811	355.431	385.408	291.082	323.446	230.012
363.812	361.400	392.045	296.610	331.114	236.633
364.810	366.707	398.668	302.238	340.280	243.632
365.811	372.494	404.781	307.732	338.148	250.281
366.811	377.824	410.970	313.171	349.417	256.441
367.810	383.630	416.711	318.907	351.806	261.895
368.811	383.222	415.653	320.297	325.160	263.106
369.812	374.447	412.403	318.272	319.193	259.716
370.811	365.123	408.553	314.708	314.596	255.307
371.812	356.644	404.058	310.129	309.923	250.450
372.811	349.417	399.072	305.118	306.183	245.458
373.812	343.236	393.276	299.904	302.842	240.836
374.811	337.643	387.526	294.622	300.711	231.692
375.811	332.507	381.598	289.396	300.491	221.536
376.811	327.733	375.470	284.178	293.886	214.610
377.812	323.161	369.418	279.090	287.931	211.853
378.812	318.930	363.375	274.276	282.263	210.001
379.811	314.849	357.651	269.567	277.244	207.513
380.811	310.822	351.854	265.070	271.874	204.859
381.812	307.066	346.278	260.756	266.336	202.544
382.810	303.329	340.787	256.574	260.991	200.235
383.812	299.822	335.560	252.651	256.365	198.131
384.811	296.286	330.370	248.714	252.206	195.959
385.811	293.033	325.536	245.099	248.705	194.102
386.812	289.640	320.803	241.491	244.589	191.949
387.812	286.433	316.264	238.105	240.884	190.003
388.811	283.321	311.995	234.857	237.058	188.084
389.811	280.276	307.752	231.757	232.925	186.300
390.811	277.294	303.706	228.703	229.002	184.648
391.810	274.306	299.809	225.821	225.240	183.039
392.812	271.641	296.127	223.112	222.012	181.559
393.811	268.774	292.490	220.389	218.990	179.965
394.811	266.036	289.070	217.766	216.173	178.649
395.811	263.369	285.677	215.292	213.519	177.351
396.812	260.745	282.512	212.919	210.959	176.246
397.811	258.228	279.397	210.622	208.711	175.159
398.812	255.819	276.451	208.373	206.536	174.183
399.810	253.323	273.547	206.233	204.443	173.137
400.811	250.961	270.782	204.159	202.453	172.129
401.810	248.594	268.015	202.070	200.542	171.121
402.811	246.375	265.466	200.143	198.783	170.382
403.811	244.130	262.976	198.209	196.988	169.512
404.811	242.001	260.590	196.412	195.295	168.698
405.811	239.856	258.301	194.639	193.642	167.948
406.811	237.854	256.077	192.964	192.184	167.214
407.812	235.888	253.902	191.277	190.747	166.547
408.810	233.883	251.744	189.627	189.272	165.778
409.811	231.910	249.767	188.116	187.911	165.132
410.811	230.087	247.819	186.559	186.574	164.434
411.811	228.238	245.957	185.076	185.326	163.837
412.811	226.444	244.145	183.714	183.859	163.256
413.811	224.620	242.342	182.230	182.327	162.587
414.811	222.911	240.733	180.944	180.980	162.038
415.811	221.308	239.091	179.677	179.672	161.587
416.811	219.715	237.433	178.449	178.395	160.989
417.811	218.040	235.852	177.100	177.118	160.484
418.814	216.355	234.265	175.808	175.910	159.879
419.810	214.864	232.814	174.680	174.790	159.430
420.811	213.295	231.332	173.542	173.622	158.976
421.811	211.793	229.942	172.437	172.579	158.473
422.810	210.309	228.545	171.294	171.537	157.963
423.810	208.803	227.156	170.255	170.482	157.462
424.811	207.298	225.739	169.121	169.483	156.991
425.811	205.938	224.410	168.120	168.509	156.547
426.810	204.438	223.032	167.082	167.582	156.054
427.811	203.043	221.742	166.144	166.671	155.596
428.812	201.628	220.365	165.072	165.724	155.160
429.812	200.304	219.105	164.194	164.875	154.734
430.810	198.917	217.878	163.308	163.881	154.300
431.810	197.562	216.555	162.225	162.958	153.758
432.810	196.279	215.335	161.367	161.917	153.333
433.812	194.999	214.147	160.483	161.091	152.938
434.812	193.706	212.909	159.620	160.161	152.459
435.810	192.395	211.705	158.783	159.290	152.019
436.810	191.146	210.498	157.912	158.416	151.486
437.811	189.924	209.405	157.077	157.593	151.113
438.810	188.699	208.205	156.272	156.728	150.661
439.811	187.491	207.064	155.477	155.876	150.223
440.811	186.238	206.003	154.629	155.046	149.769
441.811	185.142	204.939	153.881	154.312	149.374
442.811	183.934	203.846	153.086	153.426	148.906
443.810	182.832	202.801	152.372	152.696	148.476
444.812	181.675	201.749	151.603	151.931	148.051
445.810	180.515	200.663	150.824	151.054	147.535
446.810	179.487	199.673	150.101	150.313	147.157
447.811	178.380	198.726	149.437	149.583	146.700
448.811	177.358	197.721	148.708	148.797	146.285
449.811	176.204	196.658	147.959	147.961	145.761
450.810	175.164	195.738	147.237	147.199	145.352
451.811	174.103	194.781	146.608	146.589	144.913
452.811	173.139	193.880	145.916	145.771	144.467
453.810	172.092	192.916	145.285	145.111	144.002
454.812	171.102	192.028	144.634	144.334	143.569
455.811	170.104	191.158	144.003	143.646	143.146
456.811	169.163	190.218	143.298	142.905	142.710
457.811	168.137	189.337	142.742	142.168	142.290
458.810	167.212	188.523	142.150	141.547	141.879
459.811	166.302	187.673	141.487	140.815	141.447
460.810	165.356	186.827	140.922	140.119	140.938
461.812	164.410	185.964	140.319	139.394	140.479
462.810	163.575	185.155	139.708	138.712	140.132
463.811	162.690	184.323	139.206	138.031	139.704
464.811	161.794	183.521	138.607	137.361	139.245
465.811	160.871	182.650	137.953	136.666	138.773
466.811	160.037	181.884	137.404	136.055	138.335
467.810	159.218	181.129	136.922	135.418	137.919
468.811	158.298	180.290	136.281	134.698	137.449
469.812	157.494	179.592	135.775	134.037	137.024
470.811	156.576	178.755	135.161	133.386	136.574
471.811	155.928	178.111	134.746	132.854	136.218
472.811	155.010	177.306	134.116	132.117	135.728
473.811	154.254	176.570	133.632	131.546	135.302
474.810	153.502	175.858	133.143	130.913	134.931
475.811	152.681	175.129	132.596	130.291	134.473
476.811	151.912	174.491	132.107	129.777	134.138
477.810	151.162	173.715	131.623	129.111	133.659
478.811	150.433	173.069	131.153	128.552	133.278
479.810	149.674	172.356	130.635	127.959	132.843
480.810	148.967	171.743	130.179	127.398	132.461
481.812	148.156	170.985	129.681	126.794	132.061
482.810	147.404	170.313	129.158	126.201	131.512
483.810	146.667	169.624	128.699	125.640	131.112
484.810	146.020	169.019	128.183	125.064	130.691
485.810	145.390	168.390	127.776	124.600	130.279
486.810	144.636	167.733	127.295	123.981	129.837
487.811	144.001	167.076	126.817	123.468	129.462
488.812	143.220	166.494	126.406	122.964	129.068
489.812	142.616	165.851	125.995	122.460	128.677
490.811	141.897	165.254	125.518	121.876	128.279
491.812	141.248	164.601	125.072	121.325	127.850
492.811	140.616	163.991	124.641	120.863	127.468
493.812	139.951	163.370	124.174	120.339	127.029
494.811	139.321	162.779	123.746	119.840	126.641
495.811	138.661	162.179	123.381	119.338	126.259
496.814	138.020	161.582	122.940	118.839	125.825
497.810	137.411	160.955	122.495	118.403	125.511
498.811	136.851	160.448	122.095	117.888	125.050
499.811	136.230	159.837	121.701	117.408	124.628
500.811	135.598	159.168	121.254	116.828	124.148
501.810	135.017	158.686	120.883	116.403	123.812
502.811	134.410	158.094	120.391	115.907	123.367
503.810	133.811	157.487	119.955	115.425	122.968
504.812	133.291	156.995	119.613	114.963	122.585
505.810	132.721	156.420	119.218	114.446	122.212
506.811	132.125	155.886	118.832	114.029	121.879
507.811	131.489	155.289	118.358	113.564	121.484
508.812	131.051	154.791	118.083	113.120	121.155
509.810	130.424	154.240	117.609	112.614	120.751
510.811	129.819	153.653	117.200	112.160	120.377
511.811	129.297	153.100	116.862	111.734	120.048
512.812	128.816	152.623	116.490	111.281	119.760
513.811	128.260	152.075	116.100	110.813	119.356
514.810	127.674	151.587	115.711	110.330	118.935
515.810	127.216	151.044	115.365	109.907	118.650
516.810	126.664	150.540	114.958	109.470	118.187
517.810	126.160	150.020	114.585	108.997	117.874
518.811	125.657	149.482	114.258	108.617	117.509
519.810	125.123	148.971	113.899	108.152	117.117
520.811	124.651	148.558	113.551	107.774	116.734
521.812	124.148	148.020	113.255	107.313	116.388
522.811	123.687	147.533	112.876	106.916	116.023
523.811	123.175	147.058	112.530	106.497	115.624
524.811	122.653	146.531	112.124	106.034	115.210
525.811	122.178	146.086	111.801	105.637	114.854
526.810	121.694	145.602	111.497	105.331	114.405
527.811	121.261	145.091	111.145	104.914	114.037
528.811	120.777	144.632	110.816	104.518	113.690
529.810	120.367	144.259	110.529	104.137	113.370
530.810	119.902	143.707	110.146	103.792	113.036
531.812	119.453	143.269	109.803	103.430	112.712
532.811	118.919	142.769	109.416	102.989	112.354
533.811	118.461	142.298	109.124	102.634	111.974
534.812	118.065	141.885	108.787	102.362	111.638
535.811	117.602	141.375	108.460	102.017	111.343
536.811	117.180	140.977	108.158	101.665	111.031
537.810	116.772	140.569	107.856	101.340	110.730
538.810	116.381	140.135	107.612	101.068	110.386
539.811	115.873	139.631	107.249	100.673	110.093
540.810	115.473	139.215	106.921	100.338	109.781
541.811	115.063	138.770	106.646	100.000	109.463
542.810	114.695	138.352	106.320	99.676	109.118
543.810	114.204	137.942	106.026	99.270	108.813
544.810	113.853	137.497	105.753	98.986	108.541
545.811	113.462	137.053	105.425	98.604	108.190
546.810	113.057	136.620	105.133	98.315	107.928
547.811	112.628	136.251	104.858	98.014	107.636
548.811	112.267	135.856	104.541	97.694	107.328
549.810	111.877	135.391	104.208	97.341	107.019
550.810	111.491	134.980	103.924	97.069	106.721
551.810	111.122	134.601	103.642	96.744	106.457
552.811	110.675	134.160	103.327	96.413	106.092
553.811	110.313	133.799	103.094	96.153	105.819
554.810	109.969	133.420	102.830	95.869	105.519
555.812	109.554	132.963	102.558	95.532	105.228
556.811	109.210	132.652	102.239	95.259	104.979
557.811	108.842	132.190	101.943	94.950	104.643
558.810	108.521	131.816	101.692	94.634	104.401
559.811	108.127	131.413	101.385	94.411	104.108
560.812	107.783	131.082	101.101	94.079	103.842
561.811	107.397	130.693	100.846	93.784	103.522
562.812	107.043	130.316	100.605	93.556	103.272
563.812	106.682	129.924	100.306	93.259	102.975
564.811	106.313	129.545	100.086	92.958	102.695
565.811	106.001	129.129	99.810	92.659	102.400
566.811	105.642	128.757	99.553	92.382	102.119
567.810	105.325	128.429	99.250	92.170	101.816
568.812	104.930	127.981	98.918	91.828	101.531
569.811	104.676	127.658	98.705	91.534	101.260
570.810	104.302	127.248	98.404	91.288	100.986
571.811	104.014	126.932	98.228	91.054	100.762
572.811	103.669	126.584	97.929	90.791	100.499
573.810	103.349	126.169	97.654	90.508	100.256
574.810	102.985	125.886	97.442	90.185	99.976
575.811	102.713	125.478	97.130	89.960	99.675
576.811	102.346	125.158	96.915	89.675	99.433
577.811	102.071	124.784	96.676	89.371	99.137
578.810	101.804	124.435	96.459	89.062	98.837
579.811	101.492	124.152	96.239	88.700	98.467
580.811	101.158	123.789	95.984	88.351	98.138
581.811	100.819	123.438	95.708	88.030	97.847
582.811	100.538	123.102	95.502	87.834	97.628
583.811	100.227	122.755	95.218	87.555	97.417
584.811	99.937	122.407	94.959	87.339	97.091
585.811	99.669	122.069	94.756	87.096	96.897
586.811	99.351	121.806	94.515	86.848	96.661
587.811	98.991	121.314	94.235	86.553	96.352
588.811	98.734	121.072	93.996	86.418	96.166
589.810	98.462	120.733	93.803	86.219	95.942
590.811	98.208	120.450	93.581	85.988	95.657
591.811	97.838	120.102	93.343	85.766	95.413
592.811	97.649	119.874	93.157	85.585	95.241
593.810	97.326	119.443	92.912	85.343	94.968
594.811	97.045	119.138	92.665	85.104	94.700
