Time (s)	TC1 (C)	TC2 (C)	TC3 (C)	TC4 (C)	TC5 (C)
749,824	29,757	29,831	29,483	32,013	32,302
750,837	29,770	29,820	29,505	31,952	32,309
751,823	29,757	29,814	29,508	31,977	32,361
752,826	29,776	29,760	29,511	31,929	32,270
753,825	29,730	29,727	29,517	31,938	32,301
754,824	29,714	29,795	29,492	31,949	32,286
755,823	29,683	29,754	29,439	31,956	32,251
756,825	29,674	29,777	29,459	31,955	32,207
757,824	29,638	29,761	29,436	31,868	32,181
758,824	29,851	30,216	38,943	32,187	34,943
759,824	30,048	32,343	73,121	34,349	37,783
760,823	30,208	34,541	104,562	37,264	38,088
761,826	30,336	36,414	132,063	40,329	39,207
762,827	30,550	38,282	155,250	43,260	38,526
763,824	30,724	40,043	175,364	46,151	39,026
764,825	30,899	41,751	194,426	49,074	37,831
765,823	31,095	43,168	212,212	51,699	38,289
766,823	31,180	44,598	228,206	54,342	39,451
767,826	31,251	45,941	242,221	56,757	40,037
768,825	31,192	47,163	254,457	59,005	40,865
769,824	31,485	48,360	265,034	61,223	39,017
770,826	31,679	49,528	274,901	63,477	37,640
771,825	31,565	50,057	277,394	65,228	35,547
772,824	31,586	49,070	265,361	65,314	34,197
773,825	31,581	48,067	254,351	64,734	33,906
774,825	31,564	47,228	245,624	64,037	33,862
775,824	31,542	46,484	236,968	63,327	33,858
776,826	31,492	45,866	228,315	62,697	33,798
777,825	31,437	45,299	219,951	62,030	33,814
778,824	31,365	44,871	211,917	61,424	33,726
779,823	31,349	44,453	204,389	60,892	33,675
780,823	31,384	44,086	197,338	60,498	33,638
781,824	31,300	43,719	190,638	60,027	33,638
782,825	31,284	43,445	184,371	59,637	33,630
783,826	31,244	43,198	178,399	59,336	33,616
784,825	31,227	43,010	172,794	59,027	33,627
785,826	31,168	42,821	167,540	58,711	33,541
786,825	31,179	42,713	162,580	58,488	33,558
787,824	31,164	42,553	158,010	58,218	33,568
788,825	31,105	42,379	153,513	57,977	33,451
789,825	31,086	42,250	149,298	57,739	33,468
790,825	31,072	42,134	145,314	57,542	33,471
791,825	31,065	42,018	141,538	57,336	33,490
792,825	31,043	42,003	137,922	57,150	33,468
793,825	31,004	41,861	134,440	56,948	33,510
794,827	31,006	41,832	131,175	56,798	33,410
795,824	30,942	41,766	128,007	56,539	33,386
796,825	30,974	41,759	125,046	56,432	33,435
797,825	30,988	41,713	122,166	56,193	33,357
798,826	30,994	41,601	119,456	55,977	33,420
799,824	30,942	41,583	116,839	55,847	33,432
800,826	30,879	41,471	114,347	55,624	33,393
801,824	30,949	41,456	111,996	55,466	33,418
802,824	30,919	41,421	109,666	55,279	33,427
803,826	30,959	41,391	107,512	55,085	33,441
804,825	30,883	41,344	105,437	54,931	33,419
805,825	30,932	41,344	103,434	54,693	33,439
806,824	30,892	41,348	101,504	54,548	33,470
807,825	30,887	41,238	99,692	54,332	33,522
808,827	30,887	41,285	98,008	54,180	33,534
809,826	30,880	41,163	96,255	53,991	33,502
810,826	30,844	41,157	94,614	53,806	33,476
811,824	30,801	41,108	93,022	53,581	33,518
812,826	30,836	41,019	91,566	53,419	33,469
813,824	30,876	41,070	90,223	53,292	33,634
814,825	30,796	41,053	88,816	53,136	33,567
815,826	30,840	40,959	87,493	52,904	33,548
816,825	30,845	40,968	86,269	52,711	33,622
817,825	30,851	40,899	84,931	52,527	33,582
818,826	30,881	40,884	83,857	52,380	33,632
819,826	30,881	40,872	82,699	52,232	33,635
820,826	30,844	40,838	81,607	52,038	33,717
821,826	30,832	40,763	80,538	51,901	33,706
822,825	30,886	40,788	79,486	51,693	33,700
823,825	30,825	40,723	78,518	51,551	33,727
824,827	30,873	40,730	77,575	51,425	33,746
825,826	30,834	40,639	76,629	51,268	33,743
826,827	30,891	40,627	75,711	51,076	33,791
827,825	30,902	40,608	74,801	50,891	33,786
828,826	30,949	40,563	74,008	50,778	33,784
829,825	30,904	40,540	73,228	50,610	33,800
830,825	30,918	40,524	72,468	50,501	33,857
831,826	30,969	40,498	71,679	50,326	33,855
832,826	30,945	40,550	70,981	50,202	33,941
833,825	30,996	40,437	70,278	50,106	33,907
834,826	30,976	40,402	69,608	49,928	33,984
835,825	31,065	40,402	68,944	49,805	34,012
836,825	31,009	40,361	68,262	49,600	33,978
837,826	31,047	40,308	67,669	49,523	34,040
838,826	31,095	40,260	67,019	49,329	34,051
839,826	31,061	40,218	66,449	49,212	34,046
840,825	31,086	40,156	65,837	49,048	34,065
841,826	31,156	40,217	65,361	48,930	34,133
842,826	31,098	40,166	64,770	48,765	34,164
843,826	31,113	40,066	64,200	48,684	34,164
844,826	31,194	40,131	63,699	48,561	34,168
845,825	31,175	40,015	63,101	48,455	34,249
846,826	31,170	39,996	62,663	48,311	34,184
847,826	31,240	39,963	62,229	48,179	34,259
848,825	31,283	39,962	61,756	48,112	34,341
849,827	31,319	39,909	61,336	48,027	34,325
850,826	31,328	39,897	60,876	47,867	34,319
851,826	31,312	39,866	60,431	47,761	34,329
852,828	31,320	39,904	60,059	47,685	34,413
853,826	31,284	39,813	59,645	47,554	34,377
854,827	31,331	39,771	59,222	47,432	34,442
855,826	31,383	39,803	58,847	47,376	34,510
856,826	31,333	39,743	58,457	47,178	34,495
857,827	31,464	39,750	58,122	47,147	34,508
858,828	31,444	39,715	57,744	47,020	34,575
859,826	31,465	39,708	57,384	46,900	34,627
860,828	31,463	39,698	57,035	46,810	34,642
861,826	31,516	39,616	56,716	46,713	34,670
862,827	31,532	39,593	56,413	46,625	34,693
863,827	31,556	39,587	56,077	46,528	34,715
864,826	31,547	39,520	55,728	46,475	34,758
865,826	31,549	39,543	55,426	46,353	34,777
866,826	31,617	39,507	55,193	46,284	34,832
867,828	31,604	39,445	54,816	46,142	34,797
868,826	31,643	39,440	54,594	46,069	34,870
869,827	31,676	39,416	54,318	46,042	34,853
870,827	31,684	39,357	54,027	45,911	34,893
871,826	31,679	39,342	53,751	45,824	34,878
872,828	31,724	39,289	53,514	45,704	34,856
873,827	31,743	39,290	53,223	45,663	34,932
874,826	31,769	39,208	52,878	45,514	34,898
875,827	31,807	39,264	52,696	45,472	34,880
876,829	31,881	39,278	52,447	45,423	34,969
877,827	31,841	39,226	52,253	45,383	35,011
878,828	31,887	39,193	52,002	45,220	35,018
879,826	31,799	39,148	51,713	45,130	35,006
880,827	31,956	39,124	51,606	45,085	35,139
881,826	31,994	39,120	51,383	45,064	35,122
882,828	31,995	39,113	51,126	44,929	35,144
883,828	32,014	39,055	50,876	44,775	35,091
884,828	32,017	39,040	50,695	44,768	35,145
885,828	32,055	38,985	50,505	44,717	35,224
886,827	32,035	38,969	50,268	44,617	35,213
887,829	32,042	38,972	50,080	44,542	35,166
888,827	32,135	38,927	49,894	44,514	35,241
889,827	32,099	38,840	49,640	44,333	35,214
890,828	32,174	38,829	49,521	44,282	35,263
891,828	32,174	38,794	49,344	44,227	35,312
892,827	32,182	38,784	49,100	44,140	35,317
893,829	32,233	38,710	48,946	44,124	35,374
894,828	32,265	38,779	48,821	44,086	35,439
895,827	32,236	38,631	48,578	43,959	35,366
896,829	32,265	38,695	48,521	43,929	35,509
897,828	32,268	38,606	48,287	43,870	35,452
898,828	32,281	38,552	48,099	43,795	35,501
899,828	32,369	38,514	47,964	43,769	35,587
900,829	32,402	38,490	47,795	43,703	35,556
901,828	32,419	38,423	47,621	43,602	35,578
902,829	32,458	38,526	47,465	43,578	35,633
903,829	32,469	38,540	47,320	43,563	35,622
904,828	32,445	38,418	47,202	43,475	35,656
905,828	32,488	38,431	47,054	43,451	35,577
906,827	32,494	38,345	46,931	43,282	35,656
907,829	32,476	38,358	46,797	43,261	35,641
908,828	32,482	38,205	46,634	43,137	35,702
909,827	32,487	38,275	46,436	43,164	35,715
910,828	32,561	38,361	46,352	43,105	35,688
911,829	32,549	38,174	46,227	43,014	35,680
912,827	32,556	38,212	46,104	42,992	35,713
913,827	32,621	38,226	45,972	42,938	35,721
914,827	32,612	38,160	45,822	42,856	35,712
915,829	32,679	38,157	45,703	42,873	35,761
916,828	32,659	38,169	45,637	42,809	35,808
917,827	32,684	38,056	45,436	42,729	35,769
918,829	32,674	37,997	45,281	42,608	35,745
919,828	32,740	38,035	45,247	42,628	35,858
920,827	32,746	37,970	45,082	42,589	35,850
921,827	32,695	38,010	45,002	42,571	35,892
922,829	32,707	37,936	44,829	42,468	35,834
923,828	32,842	37,966	44,769	42,488	35,951
924,829	32,714	37,871	44,604	42,356	35,882
925,828	32,749	37,869	44,479	42,332	35,934
926,827	32,773	37,803	44,378	42,294	35,971
927,828	32,794	37,760	44,331	42,332	35,972
928,829	32,812	37,754	44,192	42,183	35,978
929,827	32,843	37,787	44,147	42,197	36,035
930,828	32,847	37,758	44,018	42,176	35,957
931,829	32,810	37,682	43,919	42,083	36,034
932,828	32,865	37,691	43,830	42,080	36,078
933,829	32,867	37,653	43,732	41,969	36,068
934,828	32,875	37,616	43,620	41,984	36,076
935,828	32,907	37,622	43,518	41,903	36,097
936,828	32,963	37,559	43,402	41,875	36,076
937,827	32,917	37,449	43,281	41,803	36,074
938,829	33,025	37,519	43,228	41,789	36,138
939,829	33,002	37,513	43,145	41,725	36,115
940,829	33,047	37,519	43,100	41,717	36,148
941,828	33,045	37,469	42,961	41,629	36,142
942,828	33,018	37,397	42,841	41,613	36,149
943,827	33,050	37,434	42,757	41,582	36,096
944,827	32,985	37,316	42,666	41,454	36,126
945,829	33,046	37,349	42,593	41,445	36,126
946,829	33,028	37,292	42,490	41,415	36,194
947,827	33,116	37,358	42,457	41,417	36,198
948,830	33,059	37,268	42,339	41,340	36,247
949,830	33,115	37,217	42,251	41,221	36,247
950,827	33,031	37,151	42,131	41,186	36,223
951,828	33,089	37,193	42,075	41,212	36,149
952,829	33,101	37,213	42,008	41,235	36,274
953,829	33,120	37,067	41,863	41,092	36,291
954,828	33,094	37,043	41,846	41,084	36,226
955,829	33,155	37,120	41,760	41,080	36,237
956,827	33,127	37,008	41,659	40,989	36,319
957,827	33,087	36,983	41,621	40,969	36,287
958,829	33,102	36,910	41,565	40,903	36,311
959,827	33,118	36,889	41,436	40,875	36,302
960,827	33,208	36,918	41,387	40,830	36,277
961,829	33,153	36,893	41,328	40,836	36,258
962,828	33,204	36,879	41,232	40,802	36,299
963,830	33,142	36,772	41,204	40,725	36,315
964,828	33,177	36,820	41,088	40,689	36,326
965,829	33,152	36,760	40,964	40,613	36,258
966,829	33,204	36,783	40,978	40,653	36,269
967,829	33,201	36,780	40,832	40,572	36,308
968,839	33,272	36,842	40,833	40,595	36,398
969,829	33,166	36,675	40,688	40,470	36,266
970,828	33,217	36,692	40,650	40,465	36,249
971,828	33,232	36,731	40,610	40,437	36,299
972,829	33,266	36,685	40,546	40,421	36,293
973,829	33,280	36,699	40,468	40,327	36,296
974,829	33,248	36,620	40,403	40,282	36,248
975,828	33,262	36,645	40,396	40,296	36,268
976,829	33,360	36,626	40,377	40,299	36,327
977,829	33,311	36,563	40,325	40,263	36,243
978,828	33,300	36,536	40,227	40,164	36,313
979,828	33,303	36,495	40,183	40,164	36,283
980,829	33,344	36,475	40,058	40,081	36,309
981,827	33,254	36,420	40,004	40,024	36,292
982,827	33,273	36,425	39,953	39,999	36,323
983,830	33,263	36,399	39,920	39,996	36,345
984,829	33,283	36,344	39,812	40,017	36,361
985,829	33,314	36,352	39,767	39,970	36,343
986,828	33,279	36,356	39,693	39,889	36,388
987,829	33,300	36,330	39,613	39,877	36,347
988,829	33,384	36,283	39,585	39,862	36,360
989,828	33,349	36,231	39,501	39,843	36,331
990,829	33,345	36,250	39,513	39,812	36,317
991,828	33,322	36,226	39,423	39,737	36,340
992,829	33,350	36,143	39,428	39,735	36,337
993,828	33,341	36,157	39,319	39,670	36,306
994,828	33,388	36,145	39,279	39,644	36,316
995,830	33,326	36,052	39,130	39,644	36,262
996,828	33,343	36,068	39,162	39,596	36,296
997,829	33,472	36,082	39,103	39,628	36,256
998,829	33,391	35,980	39,099	39,508	36,243
999,829	33,397	36,026	39,000	39,445	36,271
