Time (s)	TC1 (C)	TC2 (C)	TC3 (C)	TC4 (C)	TC5 (C)
27,572	21,127	21,325	22,496	22,910	22,975
28,582	21,173	21,324	22,541	22,947	22,970
29,572	21,213	21,410	22,589	23,022	23,008
30,573	21,188	21,371	22,547	23,019	23,004
31,574	21,745	21,521	22,518	22,997	23,888
32,574	33,806	31,585	23,131	23,014	26,597
33,573	44,182	47,758	23,889	23,116	27,723
34,572	54,617	63,698	24,854	23,167	27,051
35,572	65,225	78,742	25,559	23,236	26,690
36,572	76,506	92,585	26,329	23,319	26,822
37,572	87,508	105,491	27,025	23,396	28,027
38,571	99,188	117,558	27,749	23,452	28,469
39,573	109,975	128,897	28,319	23,548	27,301
40,573	118,149	139,923	28,932	23,660	27,947
41,573	126,579	151,291	29,574	23,652	28,921
42,572	133,517	162,455	30,146	23,749	29,417
43,573	140,747	173,124	30,668	23,775	28,022
44,572	147,416	182,591	31,251	23,812	26,839
45,573	166,211	206,903	31,714	23,908	24,451
46,571	174,909	220,326	32,322	24,023	23,611
47,571	180,015	230,187	32,767	24,104	23,594
48,572	187,948	235,474	33,186	24,078	23,483
49,573	195,039	242,655	33,661	24,196	23,626
50,572	191,637	225,212	33,790	24,181	23,541
51,573	189,875	216,852	33,424	24,182	23,583
52,571	189,668	210,401	32,961	24,106	23,546
53,572	188,635	204,091	32,641	24,134	23,489
54,572	187,294	198,131	32,337	24,117	23,534
55,573	185,259	192,062	32,050	24,036	23,506
56,573	183,218	186,519	31,826	24,013	23,473
57,573	180,896	181,201	31,670	23,938	23,438
58,571	178,364	176,128	31,499	23,953	23,510
59,573	175,798	171,382	31,373	23,929	23,442
60,573	173,229	166,907	31,258	23,951	23,395
61,572	170,558	162,664	31,083	23,881	23,408
62,573	168,053	158,593	31,097	23,861	23,416
63,573	165,490	154,751	30,897	23,867	23,437
64,573	162,836	151,049	30,881	23,750	23,346
65,574	160,334	147,445	30,812	23,769	23,400
66,572	157,821	144,044	30,785	23,786	23,383
67,573	155,326	140,803	30,761	23,798	23,372
68,571	152,899	137,632	30,674	23,721	23,343
69,573	150,457	134,558	30,645	23,677	23,303
70,574	148,129	131,709	30,792	23,727	23,419
71,572	145,766	128,818	30,664	23,689	23,326
72,572	143,465	126,106	30,653	23,682	23,341
73,571	141,259	123,606	30,716	23,702	23,345
74,571	139,061	121,075	30,715	23,645	23,266
75,571	136,932	118,683	30,728	23,689	23,370
76,572	134,793	116,422	30,725	23,668	23,306
77,572	132,611	114,232	30,747	23,698	23,318
78,572	130,738	112,019	30,809	23,648	23,311
79,572	128,841	110,004	30,821	23,654	23,341
80,573	126,957	108,020	30,861	23,650	23,312
81,572	125,131	106,109	30,921	23,685	23,283
82,573	123,254	104,258	30,916	23,704	23,336
83,572	121,562	102,479	30,962	23,647	23,268
84,572	119,947	100,740	30,991	23,711	23,274
85,573	118,367	99,062	31,013	23,665	23,255
86,572	116,834	97,483	31,020	23,614	23,248
87,573	115,255	95,959	31,094	23,624	23,241
88,573	113,688	94,453	31,120	23,638	23,237
89,572	112,201	93,046	31,168	23,680	23,286
90,573	110,678	91,600	31,243	23,666	23,237
91,572	109,269	90,328	31,197	23,659	23,284
92,571	107,798	88,944	31,248	23,688	23,206
93,572	106,343	87,737	31,346	23,669	23,230
94,572	105,033	86,525	31,319	23,646	23,200
95,572	103,637	85,347	31,357	23,678	23,180
96,573	102,251	84,191	31,429	23,656	23,246
97,572	101,048	83,169	31,482	23,645	23,194
98,573	100,002	82,142	31,525	23,641	23,197
99,572	99,079	81,260	31,586	23,651	23,203
100,571	98,186	80,315	31,609	23,657	23,224
101,571	97,270	79,329	31,613	23,624	23,166
102,573	96,419	78,504	31,669	23,580	23,118
103,573	95,624	77,744	31,708	23,619	23,225
104,573	94,904	76,971	31,780	23,666	23,195
105,573	94,077	76,256	31,822	23,663	23,206
106,571	93,250	75,520	31,789	23,679	23,188
107,572	92,446	74,796	31,856	23,669	23,154
108,572	91,741	74,176	31,931	23,717	23,231
109,573	90,886	73,450	31,923	23,652	23,207
110,573	90,224	72,895	31,972	23,703	23,215
111,572	89,405	72,294	31,958	23,659	23,175
112,573	88,752	71,784	32,013	23,755	23,182
113,571	88,028	71,177	31,996	23,682	23,198
114,572	87,378	70,688	32,104	23,745	23,203
115,573	86,709	70,168	32,096	23,785	23,198
116,572	86,006	69,627	32,112	23,762	23,200
117,573	85,349	69,134	32,113	23,757	23,196
118,573	84,645	68,592	32,136	23,768	23,146
119,573	84,017	68,144	32,122	23,724	23,184
120,571	83,393	67,720	32,240	23,798	23,168
121,573	82,790	67,311	32,223	23,762	23,156
122,572	82,236	66,875	32,226	23,700	23,138
123,572	81,709	66,543	32,327	23,804	23,237
124,572	81,098	66,128	32,331	23,786	23,174
125,571	80,593	65,743	32,371	23,763	23,203
126,573	80,032	65,435	32,379	23,738	23,182
127,571	79,518	65,079	32,333	23,768	23,220
128,572	78,999	64,716	32,343	23,730	23,150
129,570	78,514	64,363	32,396	23,799	23,207
130,572	78,070	64,057	32,416	23,820	23,169
131,573	77,531	63,737	32,446	23,770	23,170
132,572	77,173	63,519	32,520	23,843	23,186
133,571	76,695	63,153	32,540	23,850	23,180
134,572	76,222	62,842	32,512	23,830	23,216
135,572	75,812	62,576	32,523	23,887	23,190
136,572	75,347	62,264	32,560	23,851	23,131
137,573	74,956	62,051	32,565	23,867	23,158
138,571	74,590	61,757	32,546	23,867	23,230
139,572	74,195	61,509	32,559	23,893	23,177
140,573	73,712	61,187	32,552	23,849	23,148
141,571	73,491	60,985	32,619	23,886	23,160
142,571	73,211	60,735	32,640	23,915	23,229
143,572	72,788	60,416	32,629	23,931	23,190
144,571	72,433	60,232	32,664	23,953	23,184
145,571	72,106	60,095	32,706	24,053	23,252
146,573	71,717	59,875	32,669	23,971	23,186
147,571	71,340	59,688	32,702	23,996	23,198
148,571	71,037	59,491	32,679	24,012	23,179
149,573	70,775	59,363	32,676	24,018	23,170
150,573	70,449	61,473	33,158	24,064	23,133
151,572	70,825	71,814	37,027	24,533	31,157
152,572	70,769	82,289	42,907	25,033	39,371
153,573	70,971	92,585	49,239	25,523	38,461
154,570	71,307	103,047	55,671	26,015	39,292
155,572	71,682	112,854	62,211	26,436	40,879
156,571	71,754	122,118	68,590	26,839	37,495
157,572	72,178	130,678	74,978	27,126	23,848
158,572	72,398	138,740	81,263	27,580	23,759
159,571	72,675	146,444	87,526	27,972	23,836
160,572	73,007	153,107	93,835	28,365	23,934
161,573	73,020	159,324	99,977	28,676	23,976
162,572	73,525	165,300	105,993	28,963	23,976
163,572	73,797	171,354	111,834	29,207	24,048
164,571	73,937	177,067	117,582	29,519	24,142
165,571	74,309	182,533	123,245	29,875	24,218
166,573	74,579	187,756	128,554	30,055	24,215
167,573	74,994	192,636	133,861	30,402	24,322
168,572	75,098	197,305	139,013	30,696	24,368
169,571	75,274	201,647	144,124	30,913	24,364
170,571	75,523	204,323	148,638	31,159	24,405
171,572	74,876	201,477	150,073	30,983	24,370
172,571	74,538	197,677	149,614	30,657	24,261
173,573	74,314	193,612	148,539	30,527	24,290
174,573	73,947	189,244	146,894	30,306	24,198
175,571	73,695	184,983	145,120	30,184	24,211
176,571	73,448	180,839	143,208	30,097	24,159
177,570	73,247	176,800	141,165	29,997	24,151
178,572	73,065	172,871	139,133	29,912	24,140
179,572	72,945	169,244	137,185	29,880	24,208
180,572	72,691	165,625	135,107	29,795	24,160
181,572	72,568	162,262	133,048	29,764	24,157
182,571	72,430	159,100	131,108	29,756	24,119
183,572	72,241	155,898	129,107	29,736	24,050
184,572	72,167	152,959	127,239	29,784	24,059
185,573	72,075	150,098	125,294	29,703	24,054
186,571	71,891	147,326	123,473	29,713	24,090
187,571	71,771	144,628	121,694	29,690	24,044
188,571	71,604	142,117	119,872	29,702	24,003
189,570	71,541	139,739	118,177	29,801	24,042
190,572	71,335	137,377	116,455	29,816	23,981
191,571	71,289	135,104	114,826	29,765	23,991
192,572	71,192	132,973	113,278	29,841	24,013
193,572	71,061	130,874	111,634	29,864	23,971
194,571	71,009	128,905	110,130	29,904	23,992
195,573	70,920	126,964	108,710	29,939	24,040
196,572	70,841	125,051	107,193	29,972	24,027
197,570	70,670	123,288	105,797	29,954	23,943
198,571	70,600	121,608	104,399	30,058	23,985
199,571	70,505	119,772	103,066	30,097	23,956
200,571	70,464	118,232	101,829	30,125	23,988
201,573	70,380	116,671	100,497	30,153	23,953
202,572	70,436	115,225	99,341	30,205	23,995
203,572	70,340	113,856	98,079	30,327	23,927
204,573	70,454	112,543	96,941	30,303	24,026
205,571	70,494	111,234	95,811	30,342	23,973
206,571	70,451	109,938	94,690	30,400	23,962
207,572	70,348	108,751	93,775	30,453	24,008
208,572	70,288	107,589	92,835	30,557	24,073
209,572	70,210	106,507	92,015	30,636	24,062
210,572	70,082	105,504	91,114	30,729	24,051
211,571	69,969	104,460	90,270	30,831	24,068
212,571	69,868	103,574	89,545	30,919	24,117
213,572	69,811	102,626	88,729	30,978	24,028
214,572	69,734	101,854	88,039	31,085	24,142
215,572	69,666	100,961	87,344	31,175	24,188
216,571	69,539	100,102	86,624	31,204	24,155
217,570	69,446	99,349	85,951	31,301	24,184
218,571	69,455	98,609	85,270	31,418	24,150
219,571	69,371	97,900	84,638	31,464	24,209
220,571	69,370	97,131	84,038	31,554	24,193
221,571	69,330	96,435	83,383	31,567	24,193
222,571	69,236	95,756	82,780	31,674	24,237
223,571	69,195	95,112	82,203	31,777	24,221
224,570	69,123	94,489	81,595	31,829	24,231
225,571	69,016	93,853	81,026	31,875	24,221
226,571	68,931	93,216	80,445	31,934	24,207
227,571	68,914	92,746	79,959	32,005	24,260
228,570	68,828	92,127	79,444	32,080	24,267
229,572	68,709	91,612	78,894	32,113	24,233
230,572	68,708	91,094	78,424	32,157	24,271
231,571	68,599	90,605	77,876	32,167	24,296
232,572	68,604	90,073	77,436	32,236	24,318
233,571	68,470	89,614	76,994	32,310	24,328
234,572	68,435	89,133	76,577	32,426	24,367
235,572	68,332	88,667	76,084	32,429	24,351
236,571	68,232	88,205	75,638	32,470	24,398
237,571	68,175	87,794	75,230	32,558	24,411
238,570	68,128	87,321	74,804	32,557	24,445
239,572	68,149	86,850	74,400	32,603	24,459
240,571	67,989	86,285	73,978	32,595	24,444
241,569	67,865	85,943	73,626	32,716	24,510
242,571	67,720	85,554	73,221	32,745	24,478
243,572	67,624	85,244	72,856	32,787	24,485
244,570	67,540	84,907	72,520	32,838	24,508
245,572	67,536	84,636	72,221	32,945	24,554
246,571	67,472	84,289	71,729	32,925	24,591
247,572	67,515	84,047	71,524	33,024	24,653
248,570	67,385	83,745	71,538	33,237	24,877
249,571	67,398	84,050	78,804	36,511	26,032
250,571	67,448	84,394	89,711	42,568	27,572
251,570	67,467	84,638	101,125	49,472	28,228
252,570	67,433	84,924	112,450	56,762	28,130
253,570	67,476	85,125	123,369	64,020	28,083
254,570	67,514	85,147	133,598	71,390	29,491
255,572	67,557	85,282	143,230	78,581	30,547
256,571	67,554	85,433	152,252	85,761	29,890
257,572	67,573	85,517	161,520	92,930	29,879
258,570	67,695	85,663	170,097	99,831	29,953
259,571	67,624	85,836	178,377	106,772	30,765
260,572	67,555	85,849	186,105	113,406	31,564
261,571	67,628	85,927	193,392	120,074	31,094
262,571	67,638	86,011	200,476	126,502	33,125
263,571	67,732	85,984	205,962	132,071	32,470
264,571	67,578	85,249	204,560	133,795	31,265
265,571	67,497	84,695	201,385	134,053	31,108
266,571	67,374	84,170	197,829	133,416	31,008
267,570	67,275	83,751	193,906	132,269	30,974
268,570	67,178	83,216	190,274	130,797	30,867
269,570	67,112	82,740	186,535	129,132	30,870
270,571	66,992	82,368	182,701	127,434	30,781
271,571	66,894	82,001	179,101	125,678	30,777
272,570	66,732	81,646	175,547	123,861	30,766
273,571	66,648	81,321	172,060	122,067	30,800
274,570	66,618	81,053	168,580	120,390	30,831
275,570	66,411	80,663	165,258	118,502	30,764
276,570	66,372	80,418	162,458	116,853	30,863
277,572	66,251	80,079	159,500	115,193	30,825
278,571	66,211	79,825	156,726	113,499	30,842
279,570	66,126	79,511	154,072	111,842	30,925
280,571	66,075	79,308	151,499	110,281	30,984
281,571	66,017	79,056	149,248	108,721	30,969
282,571	65,913	78,849	147,065	107,256	31,077
283,572	65,797	78,575	144,761	105,767	31,111
284,570	65,797	78,397	142,558	104,342	31,158
285,572	65,726	78,207	140,480	103,010	31,346
286,572	65,679	77,991	138,333	101,625	31,410
287,570	65,579	77,764	136,307	100,320	31,472
288,570	65,555	77,593	134,450	99,124	31,605
289,570	65,385	77,368	132,412	97,800	31,664
290,572	65,335	77,258	130,659	96,704	31,823
291,569	65,227	76,959	128,835	95,449	31,853
292,571	65,119	76,861	127,124	94,326	32,028
293,570	65,067	76,680	125,498	93,254	32,196
294,569	64,913	76,474	123,878	92,143	32,209
295,570	64,968	76,352	122,343	91,136	32,370
296,570	64,903	76,275	120,809	90,165	32,499
297,569	64,826	76,003	119,291	89,140	32,617
298,569	64,769	75,925	117,893	88,152	32,697
299,569	64,699	75,824	116,588	87,309	32,815
300,571	64,625	75,697	115,313	86,404	32,914
301,572	64,508	75,536	114,039	85,471	32,922
302,570	64,492	75,414	112,874	84,679	33,079
303,572	64,441	75,354	111,669	83,809	33,207
304,570	64,353	75,224	110,573	83,063	33,348
305,572	64,298	75,060	109,435	82,262	33,482
306,572	64,228	74,921	108,343	81,496	33,555
307,571	64,297	74,784	107,430	80,882	33,736
308,572	64,319	74,572	106,502	80,226	33,834
309,571	64,261	74,503	105,693	79,663	33,975
310,571	64,203	74,415	104,869	79,065	34,149
311,570	64,040	74,255	104,072	78,541	34,233
312,570	63,920	74,118	103,331	78,001	34,335
313,570	63,987	74,120	102,710	77,569	34,475
314,570	64,042	73,985	101,985	77,066	34,599
315,569	64,017	73,852	101,303	76,563	34,696
316,570	63,882	73,748	100,629	76,070	34,752
317,569	63,858	73,590	100,008	75,599	34,889
318,570	63,832	73,473	99,314	75,054	34,989
319,570	63,866	73,403	98,740	74,642	35,174
320,571	63,829	73,302	98,119	74,257	35,381
321,570	63,807	73,208	97,543	73,841	35,470
322,570	63,774	73,118	96,947	73,429	35,627
323,570	63,739	73,041	96,348	72,994	35,734
324,570	63,629	72,910	95,772	72,574	35,772
325,570	63,555	72,818	95,219	72,156	35,930
326,571	63,499	72,737	94,730	71,801	36,117
327,569	63,412	72,570	94,159	71,434	36,126
328,570	63,292	72,502	93,642	71,029	36,230
329,570	63,276	72,386	93,166	70,649	36,355
330,570	63,206	72,265	92,661	70,328	36,516
331,570	63,150	72,169	92,201	69,988	36,674
332,571	63,055	72,197	91,719	69,637	36,832
333,571	62,941	72,037	91,240	69,250	36,942
334,570	62,907	71,992	90,859	69,020	37,021
335,570	62,847	71,870	90,315	68,630	37,075
336,571	62,838	71,799	89,994	68,347	37,164
337,569	62,732	71,651	89,520	68,053	37,323
338,570	62,654	71,592	89,084	67,722	37,383
339,570	62,634	71,454	88,604	67,453	37,505
340,571	62,503	71,381	88,217	67,209	37,707
341,571	62,435	71,246	87,814	66,907	37,810
342,570	62,330	71,089	87,393	66,629	37,881
343,571	62,276	71,041	87,060	66,444	38,087
344,570	62,106	70,891	86,587	66,148	38,060
345,569	62,073	70,854	86,258	65,973	38,249
346,570	62,008	70,771	85,893	65,714	38,350
347,570	61,902	70,625	85,532	65,460	38,396
348,571	61,985	70,637	85,524	73,297	44,319
349,570	61,866	70,551	85,823	85,723	52,758
350,570	61,942	70,592	86,052	98,220	62,490
351,571	61,867	70,554	86,260	110,406	72,778
352,570	61,887	70,518	86,453	121,954	82,063
353,570	61,861	70,567	86,728	132,683	92,544
354,570	61,830	70,536	86,850	142,814	100,487
355,571	61,856	70,425	86,990	153,104	109,049
356,568	61,697	70,357	87,076	163,245	117,608
357,569	61,761	70,401	87,265	172,674	126,153
358,569	61,713	70,394	87,325	181,031	134,044
359,570	61,740	70,323	87,430	188,882	142,165
360,571	61,716	70,406	87,558	196,340	151,477
361,571	61,657	70,338	87,561	203,050	158,978
362,570	61,805	70,369	87,556	207,316	163,925
363,570	61,703	70,230	87,012	204,649	164,018
364,569	61,677	70,030	86,374	200,259	163,387
365,571	61,576	69,911	85,831	195,707	163,347
366,571	61,587	69,820	85,433	191,308	162,623
367,570	61,468	69,663	84,929	186,950	161,262
368,569	61,451	69,590	84,581	182,750	159,674
369,569	61,396	69,417	84,110	178,745	157,955
370,570	61,347	69,358	83,810	174,929	156,162
371,570	61,252	69,253	83,486	171,286	154,223
372,570	61,248	69,093	83,112	167,833	152,359
373,570	61,160	69,012	82,867	164,524	150,392
374,570	61,121	68,829	82,503	161,329	148,350
375,570	61,028	68,705	82,257	158,346	146,418
376,571	60,885	68,618	81,966	155,500	144,516
377,569	60,819	68,439	81,717	152,655	142,570
378,571	60,782	68,411	81,448	149,988	140,677
379,571	60,756	68,287	81,243	147,437	138,928
380,569	60,653	68,223	80,984	144,979	137,168
381,570	60,471	68,102	80,743	142,489	135,353
382,571	60,462	68,002	80,486	140,175	133,530
383,570	60,343	67,953	80,287	137,984	131,807
384,568	60,326	67,844	80,101	135,814	130,118
385,571	60,222	67,696	79,883	133,678	128,370
386,569	60,196	67,670	79,699	131,734	126,711
387,569	60,099	67,533	79,473	129,853	124,598
388,569	60,082	67,507	79,299	127,971	123,107
389,569	60,094	67,364	79,167	126,239	121,517
390,571	59,957	67,289	78,977	124,447	120,019
391,570	59,958	67,278	78,829	122,813	118,669
392,570	59,911	67,128	78,631	121,216	117,344
393,569	59,864	67,095	78,511	119,680	115,926
394,570	59,891	67,091	78,431	118,215	114,600
395,570	59,811	66,986	78,213	116,792	113,315
396,569	59,792	66,941	78,091	115,422	112,133
397,569	59,785	66,897	77,956	114,061	110,933
398,568	59,676	66,829	77,807	112,824	109,898
399,570	59,657	66,710	77,636	111,594	108,735
400,570	59,690	66,563	77,517	110,398	107,677
